exercise,smoking,alcohol,sugar,lifespan
0.9,0.0,2.4,6.9,73.1
1.8,8.1,0.4,4.2,85.0
1.1,0.8,4.6,7.5,81.6
4.7,11.8,1.0,2.9,81.0
1.5,8.3,4.9,5.5,75.0
1.8,0.4,2.1,8.0,87.5
4.3,2.2,0.2,6.0,86.8
2.6,21.0,1.7,3.7,69.4
1.9,17.8,5.1,7.1,86.1
3.7,0.5,1.2,6.1,77.8
2.0,7.7,5.1,6.4,82.1
1.9,3.1,4.8,10.1,83.3
0.7,14.0,1.0,7.9,72.3
3.0,14.0,1.0,6.3,74.6
1.9,0.5,4.0,5.3,80.0
1.7,11.0,0.7,4.9,78.6
1.6,13.5,5.0,12.7,86.8
1.8,16.8,4.8,4.6,67.5
4.6,20.5,1.3,3.7,79.0
3.6,12.3,4.5,1.0,80.2
3.4,2.6,4.0,7.9,98.5
3.3,16.7,3.5,9.6,72.9
3.0,14.3,5.7,9.7,67.3
1.8,0.5,5.3,8.5,84.8
4.1,0.7,3.0,13.7,83.6
4.1,4.5,5.6,2.4,71.2
1.6,20.0,0.3,5.4,64.9
1.2,11.6,5.7,7.6,77.5
2.2,18.5,5.6,9.9,62.9
1.8,2.8,2.3,5.9,87.9
2.4,3.4,4.6,5.1,75.5
3.5,2.4,4.9,8.5,79.1
1.6,16.5,1.5,8.5,72.7
2.4,0.5,5.2,10.7,99.5
1.8,18.5,5.1,11.0,80.3
3.9,21.7,4.3,8.2,71.5
1.2,3.8,4.5,4.0,83.1
1.2,0.3,1.5,8.9,85.0
3.0,1.8,1.3,5.6,93.6
1.2,17.1,2.2,7.9,89.7
1.2,13.0,2.0,8.2,76.8
3.5,9.6,2.1,8.3,88.9
0.9,11.9,4.2,2.3,81.2
4.6,20.7,2.9,1.8,63.4
3.9,5.0,0.8,8.1,85.0
2.5,13.8,4.4,11.0,73.2
3.4,4.0,4.4,4.8,94.4
1.6,7.1,0.4,13.6,73.7
2.0,16.4,2.0,3.5,83.0
2.0,14.6,2.3,6.5,76.3
1.4,10.6,4.5,7.8,80.2
1.1,0.2,5.0,4.7,82.9
2.0,0.3,2.0,8.1,80.9
3.1,8.5,6.0,5.3,74.4
2.9,3.8,5.0,5.4,91.4
1.8,14.0,0.1,11.4,78.8
3.8,0.7,2.4,4.2,82.3
2.7,21.2,0.2,7.1,80.4
2.2,2.8,1.2,7.1,85.0
1.8,7.3,0.3,11.4,65.1
2.1,0.2,0.5,3.4,86.6
3.6,13.0,1.5,8.3,88.7
4.4,10.2,0.7,3.6,72.9
2.9,15.4,4.7,4.5,79.4
1.2,2.8,0.9,5.3,84.3
1.2,19.7,0.4,8.0,73.6
2.8,15.4,5.1,6.7,80.0
3.8,13.8,3.3,3.1,80.4
3.5,11.4,1.4,3.1,83.0
4.0,9.8,4.7,6.0,91.3
2.5,10.0,5.7,9.7,96.3
3.0,1.0,2.4,5.2,89.8
2.0,17.8,3.9,10.1,75.9
3.7,3.0,4.8,6.0,71.4
3.7,10.9,4.0,7.4,95.1
3.2,10.7,4.8,9.8,88.4
2.3,15.4,1.3,1.7,77.0
4.3,19.8,4.5,8.0,78.9
2.7,9.1,4.9,4.9,80.0
0.2,13.1,2.1,10.3,71.3
1.5,0.5,5.1,8.8,88.0
1.3,1.8,0.4,7.1,84.6
2.7,21.0,1.7,6.0,86.6
2.1,1.4,3.9,7.0,89.8
3.9,0.4,5.1,4.9,77.6
0.1,18.1,4.7,6.0,74.1
2.0,10.7,0.6,7.4,82.5
1.5,5.4,4.2,3.9,81.8
2.4,11.0,4.2,2.1,84.4
2.3,20.3,1.4,4.9,70.6
1.2,7.6,4.6,5.2,78.1
2.2,3.0,0.5,10.7,65.4
3.1,5.8,5.3,8.0,76.4
1.2,11.7,3.8,11.8,65.5
1.7,11.6,2.1,2.5,85.3
2.5,6.1,4.5,8.4,71.9
1.8,15.5,0.9,7.8,73.9
4.3,0.8,0.5,4.9,86.3
2.6,9.6,4.8,8.0,82.8
2.1,20.0,0.4,7.1,72.9
1.7,11.6,1.3,4.7,74.4
1.8,0.1,4.6,6.9,100.1
1.4,1.2,1.7,4.8,76.8
1.4,20.6,0.3,6.8,73.0
2.2,11.6,3.1,8.1,96.1
3.5,8.0,1.3,4.7,91.8
1.8,18.0,1.7,6.1,76.2
1.4,6.5,2.8,7.3,75.8
0.2,11.0,3.6,8.5,86.1
1.7,16.6,3.9,4.3,76.9
3.4,17.5,3.8,9.0,74.9
1.8,4.1,3.5,6.8,74.3
3.4,5.0,4.2,11.3,73.7
1.6,2.3,0.1,12.7,77.3
2.9,11.0,0.8,6.1,77.8
2.9,21.9,0.6,4.7,75.6
1.5,18.7,4.5,11.8,84.0
1.6,14.7,0.3,10.6,74.4
1.9,1.4,4.5,3.4,76.3
3.2,1.9,4.7,5.6,88.7
1.7,20.1,3.0,5.2,63.4
4.2,0.2,0.4,10.4,75.0
2.7,17.3,0.5,6.5,92.5
0.8,21.6,4.3,8.7,79.0
4.7,15.1,0.6,10.1,92.6
3.4,6.1,2.6,8.0,68.4
1.4,16.8,4.8,3.6,77.3
0.9,7.5,1.2,7.0,90.2
1.7,8.9,0.4,4.8,75.3
4.0,0.6,0.7,7.9,71.1
1.5,16.6,0.5,7.1,72.3
1.7,0.2,1.0,6.2,77.7
2.3,19.1,0.9,10.4,81.1
2.8,6.9,5.3,4.4,81.0
1.3,9.6,5.3,7.1,80.8
1.7,19.4,4.6,7.1,62.7
5.4,5.0,1.5,5.6,81.8
2.4,3.4,5.4,3.2,80.6
1.4,18.7,0.9,8.0,70.5
1.8,4.5,0.3,13.3,87.7
2.0,12.4,3.9,5.1,84.3
3.1,9.6,3.5,10.5,73.9
3.2,13.8,0.8,6.8,83.2
1.5,1.1,0.5,5.8,80.2
3.0,3.7,5.0,9.2,81.6
1.3,7.6,0.3,2.3,73.7
1.3,14.1,4.3,6.7,88.0
2.6,18.4,5.1,6.3,89.6
3.6,1.0,4.1,3.2,86.9
1.7,10.1,2.7,2.3,81.0
5.3,12.7,3.6,3.7,72.2
2.0,16.1,4.2,8.2,70.8
4.7,12.8,0.7,7.0,89.8
3.3,20.2,0.4,6.2,79.9
1.8,0.1,1.1,3.2,84.0
3.5,18.6,1.0,4.5,79.2
2.1,11.8,0.9,0.8,86.5
2.5,17.9,0.8,6.2,71.9
1.6,21.6,0.2,8.7,85.6
2.6,10.7,0.1,7.0,71.1
2.6,21.6,0.2,4.4,72.5
1.9,0.2,5.0,8.9,81.0
2.3,12.2,3.5,11.9,90.0
0.5,20.7,3.8,2.4,77.4
2.4,15.3,0.9,9.1,77.0
2.3,19.9,0.5,7.7,80.0
1.8,17.5,0.4,6.0,72.6
1.9,13.0,5.3,8.3,79.4
0.7,9.9,0.9,12.2,82.2
3.3,19.0,1.7,9.1,72.5
1.0,7.4,2.3,4.5,62.9
2.5,15.4,4.2,5.7,75.5
1.8,6.3,4.2,2.8,82.6
4.6,11.3,0.4,7.2,83.3
1.8,0.0,0.8,4.0,92.0
2.3,5.4,0.7,9.7,75.8
2.1,3.0,0.4,2.6,77.2
3.1,18.1,0.2,3.6,82.4
3.7,14.1,3.2,3.1,89.6
3.9,0.9,0.2,3.1,88.7
2.1,8.2,0.9,9.0,74.7
2.3,13.2,1.7,11.8,78.8
4.2,4.5,0.7,2.3,85.6
1.8,0.4,1.0,9.3,84.2
3.7,16.8,5.3,2.3,73.6
0.5,9.8,4.1,2.9,78.3
3.1,4.4,3.7,12.2,78.6
1.5,12.2,0.7,5.7,64.2
3.6,4.5,0.4,2.8,79.3
1.9,11.3,1.5,8.3,81.6
2.8,15.3,0.4,1.2,80.2
1.0,13.9,4.9,8.8,86.9
2.1,12.5,2.4,8.6,76.3
4.5,0.1,1.0,5.4,79.5
2.3,16.4,0.7,7.0,75.6
0.8,0.1,4.6,8.0,95.8
4.5,7.6,3.9,9.1,78.5
1.4,19.5,1.7,7.9,65.3
1.1,15.8,1.6,4.5,77.0
0.7,17.7,0.3,10.0,72.1
2.7,1.4,2.2,5.9,92.2
1.5,10.5,4.2,3.9,71.9
2.9,17.9,4.0,3.7,72.8
1.4,17.1,0.5,11.6,73.1
2.8,8.5,2.9,7.8,73.5
2.4,0.8,0.4,5.1,69.6
2.6,9.6,2.0,9.3,85.8
1.8,2.6,5.1,4.1,62.8
3.4,5.9,1.0,3.6,75.6
1.4,7.4,2.4,5.6,72.3
4.3,5.8,4.3,4.8,78.8
2.9,20.6,0.3,4.2,78.2
2.4,13.3,4.4,3.5,77.2
2.3,11.7,2.9,5.6,78.7
3.1,13.9,0.8,10.4,77.8
1.6,7.6,2.4,8.7,79.2
1.3,0.1,2.8,2.5,87.2
1.1,18.1,0.5,7.6,91.9
4.5,0.9,5.6,4.1,83.8
3.1,16.4,5.2,6.6,68.1
4.4,1.2,5.2,3.1,81.6
3.4,14.8,0.6,8.0,81.2
1.5,2.0,1.1,11.2,90.8
2.4,17.6,0.6,11.2,71.5
1.2,9.4,5.6,3.1,76.8
1.2,4.5,2.1,5.9,79.1
2.5,19.3,1.5,9.0,71.5
3.7,3.3,3.1,7.8,95.4
1.5,10.6,5.4,6.3,69.1
2.0,0.2,1.1,2.2,85.6
2.7,19.8,0.7,8.4,76.9
3.0,2.4,3.9,3.2,92.2
1.9,5.1,3.7,6.4,86.3
2.3,4.3,1.1,8.4,83.5
2.0,13.0,0.2,3.1,77.0
1.7,20.7,0.4,3.6,69.4
4.1,12.0,3.2,6.2,73.1
2.2,0.5,1.9,7.6,84.3
2.7,4.5,0.5,7.6,93.2
4.5,17.1,0.8,3.5,71.5
2.6,16.9,3.9,8.0,92.6
1.1,5.9,0.5,1.8,76.2
1.0,17.5,0.8,3.0,71.5
2.2,9.7,1.4,4.0,72.9
1.9,9.0,3.5,3.2,82.0
0.9,7.4,4.2,7.8,79.3
1.5,10.2,5.2,1.6,61.2
3.6,6.6,2.5,8.2,85.0
1.9,11.2,1.7,3.4,78.9
2.8,17.7,0.1,6.3,75.9
2.1,19.8,0.8,6.9,81.6
1.4,6.9,5.7,8.3,80.8
1.7,2.2,0.8,8.4,80.2
3.2,16.6,3.5,2.5,79.0
2.3,7.5,0.6,5.5,78.7
1.3,3.8,4.4,7.1,75.7
0.5,2.4,5.3,5.2,78.5
2.8,2.0,4.9,3.8,76.7
2.6,18.1,0.1,4.5,78.3
2.8,1.5,5.1,5.0,68.2
2.1,22.1,3.6,3.1,85.3
0.2,14.6,2.1,7.5,77.0
1.2,4.3,1.1,8.8,71.5
3.1,2.5,4.3,8.7,76.6
2.6,18.5,1.3,2.9,97.6
3.3,6.8,0.0,9.2,84.3
1.8,16.0,1.0,5.7,97.6
1.1,2.1,2.8,5.4,67.7
3.6,19.9,0.4,6.2,78.3
2.0,4.5,1.9,9.0,73.8
1.3,7.9,3.7,4.1,88.3
2.2,2.0,3.4,2.3,87.9
0.4,11.7,1.0,3.3,78.5
0.8,4.4,4.6,4.2,81.0
3.1,7.8,2.2,6.4,96.5
1.1,17.4,5.4,3.8,78.9
2.1,14.2,1.4,7.9,76.2
1.0,5.2,4.3,4.5,87.9
1.1,4.5,4.4,4.2,64.3
2.8,19.0,1.1,8.6,74.5
1.7,9.4,0.4,5.7,80.6
1.1,17.7,0.4,5.2,78.6
2.1,3.8,0.1,10.1,71.8
3.8,17.6,0.3,5.7,75.9
4.0,12.9,0.2,6.8,78.5
1.8,16.6,1.6,3.3,70.6
3.7,12.7,0.7,4.0,97.9
2.1,4.0,4.3,3.8,77.9
2.9,20.6,0.5,5.6,62.1
2.3,6.4,5.5,9.4,89.0
4.9,18.2,3.2,8.7,81.7
3.3,21.6,2.9,6.4,80.4
2.1,1.1,0.4,3.3,79.8
5.3,14.7,2.2,3.9,83.8
2.7,4.5,4.4,2.8,74.5
3.9,19.5,0.5,9.7,71.6
1.7,0.5,0.7,9.5,90.0
4.1,12.2,4.6,6.8,75.9
1.7,14.4,5.0,5.4,78.5
1.9,18.8,0.8,4.2,88.8
0.4,17.6,1.2,9.3,78.5
0.9,10.5,0.6,6.0,93.2
4.1,14.4,4.7,2.6,81.8
1.0,5.3,0.3,3.8,71.6
1.2,16.2,2.1,4.1,72.7
3.3,2.8,0.2,5.0,93.4
2.1,17.5,4.7,6.0,77.5
3.3,6.7,1.5,4.0,90.8
3.4,0.7,2.2,4.6,85.0
2.7,10.6,4.8,10.1,87.2
1.7,4.3,5.2,2.0,72.8
1.6,2.4,0.8,9.8,72.3
1.1,8.3,3.6,2.0,85.6
3.2,0.9,0.5,10.0,74.0
1.9,14.8,5.0,10.8,87.9
1.9,3.1,4.1,4.6,86.5
3.5,16.7,1.3,8.7,87.1
5.3,14.9,5.0,2.4,81.6
3.9,16.2,0.9,9.5,76.5
2.6,14.0,0.6,7.4,89.0
3.0,1.4,5.6,9.0,81.0
3.7,9.5,1.0,9.4,75.3
2.4,4.9,5.7,8.3,80.2
2.4,0.3,2.1,3.7,89.9
1.3,5.1,3.5,6.3,101.6
1.4,6.2,0.7,2.6,81.4
5.2,20.2,0.3,4.0,78.9
3.2,3.9,3.2,10.7,66.9
4.2,9.5,0.4,6.9,88.1
3.6,17.4,1.9,13.6,84.1
3.6,0.7,2.4,6.1,92.6
2.8,13.3,4.5,4.8,75.9
3.4,0.9,3.5,9.3,81.0
1.8,18.5,0.3,2.7,86.8
2.8,0.4,0.7,9.3,84.1
1.9,2.6,3.9,7.1,84.2
0.7,2.7,1.3,5.8,78.2
2.6,14.2,2.0,11.6,84.5
0.2,12.7,2.8,8.4,69.9
0.8,3.2,0.3,4.4,92.4
2.3,5.8,1.2,2.7,72.3
0.5,4.7,1.3,3.8,76.0
1.6,17.6,1.2,7.8,78.4
0.6,4.4,0.4,2.1,91.7
5.1,14.9,0.4,2.8,79.6
5.4,4.3,1.3,2.3,87.7
3.7,18.0,1.1,6.4,84.2
1.6,2.9,0.4,3.0,86.4
3.6,15.0,0.4,6.6,91.8
1.4,7.7,0.5,2.0,81.7
4.0,14.0,4.4,3.7,71.1
1.7,15.3,0.3,1.8,84.0
4.2,18.0,4.0,5.5,89.2
1.0,7.7,4.7,4.2,83.6
2.6,16.7,1.2,7.7,75.7
4.7,21.7,3.0,8.7,71.7
2.8,0.2,0.6,5.3,72.1
4.8,16.4,5.2,7.1,74.3
3.5,21.5,1.5,3.1,73.3
0.5,0.0,0.4,3.8,84.0
2.1,8.4,4.3,8.5,82.9
2.1,20.3,2.3,10.7,72.4
3.4,17.2,0.9,10.8,76.3
3.5,20.1,3.9,9.9,73.6
0.5,2.9,4.0,13.5,80.3
3.7,18.9,5.6,3.5,77.3
3.4,0.4,0.3,5.5,95.5
0.5,4.2,3.4,3.9,71.7
2.1,21.8,4.1,5.8,90.0
5.4,16.5,5.0,8.2,82.6
3.2,6.1,0.4,9.5,80.3
2.8,16.1,0.7,4.1,77.7
3.9,10.4,2.2,2.5,101.2
3.4,20.0,3.3,7.5,76.0
4.1,6.1,5.4,7.6,90.2
1.7,8.0,1.0,2.1,91.8
2.3,12.3,0.4,4.5,84.8
1.8,17.8,2.2,13.8,72.6
2.6,6.2,4.8,2.1,86.8
4.6,20.1,0.4,3.5,69.9
4.0,0.2,0.8,8.8,89.1
1.1,4.2,5.1,5.8,89.8
1.3,18.8,0.6,1.1,78.6
1.7,6.3,0.6,11.0,77.6
3.5,13.0,0.6,5.9,79.6
1.3,3.8,0.2,6.8,79.7
3.4,17.2,5.3,5.5,85.7
2.5,4.5,0.6,4.9,83.9
2.0,1.4,0.6,5.2,79.4
0.8,0.9,0.6,6.0,82.5
3.3,8.4,1.2,3.4,86.0
4.5,13.8,0.3,6.4,67.6
2.5,4.5,4.3,7.3,67.8
2.0,20.7,0.5,7.6,86.4
3.9,9.8,4.3,6.7,83.6
2.0,0.1,3.7,4.1,88.9
2.6,0.2,1.3,4.6,75.3
5.3,11.8,0.7,7.1,72.0
2.9,2.3,0.9,5.8,92.8
2.8,2.6,3.6,9.0,66.6
0.2,19.1,4.8,6.1,80.8
1.8,0.2,3.5,2.6,82.9
1.6,17.3,3.4,8.6,81.6
3.8,16.3,1.9,5.9,85.2
1.4,0.8,0.9,2.6,97.6
2.7,18.9,2.0,4.2,74.2
1.6,19.4,3.7,4.2,74.0
0.7,3.9,0.3,8.2,78.8
3.2,0.2,0.2,3.7,79.9
1.8,9.4,4.2,6.2,81.8
0.1,10.5,4.6,8.1,81.7
2.8,17.4,0.3,5.1,72.8
2.3,1.4,0.6,4.4,86.5
4.8,0.8,0.7,7.0,98.7
1.8,0.1,4.8,8.4,79.2
1.9,13.1,3.8,1.1,76.4
2.4,1.6,5.9,5.4,91.1
1.5,0.1,5.2,7.4,84.9
3.2,18.2,0.1,3.8,79.0
2.2,11.4,0.5,8.9,70.0
1.3,17.4,0.7,6.4,71.6
1.4,2.0,1.0,4.5,92.6
3.2,8.6,0.2,3.6,79.6
3.4,6.5,4.8,4.4,78.4
1.5,1.5,1.9,7.2,80.2
2.1,1.6,2.1,6.7,93.3
1.8,6.1,4.5,5.4,89.6
1.6,6.8,4.0,10.4,71.9
1.8,16.6,2.6,4.3,79.4
4.6,17.1,0.9,8.2,77.8
3.8,5.5,0.7,10.2,90.1
1.1,5.0,0.5,5.9,78.1
2.9,10.4,0.5,5.7,72.9
2.3,17.1,1.6,10.5,80.0
1.0,4.4,0.1,3.5,70.2
3.1,17.0,4.6,2.6,84.8
2.6,22.1,1.8,4.3,81.4
4.5,0.3,4.2,12.9,69.7
2.5,15.2,1.2,2.7,69.4
2.4,15.4,0.8,6.6,72.5
2.2,16.9,4.7,11.0,78.6
3.7,15.6,1.2,8.4,65.9
1.7,9.7,0.6,7.1,78.7
1.4,1.7,1.7,4.2,84.6
1.8,12.5,4.2,5.2,74.6
1.7,1.0,0.6,9.0,83.2
2.0,10.7,1.0,11.3,80.1
1.7,7.7,2.8,4.8,77.8
0.2,16.9,4.2,6.4,69.9
1.5,21.7,0.1,3.4,81.5
1.5,13.8,5.9,7.0,61.1
1.7,14.3,4.0,9.7,71.5
1.4,0.1,0.8,6.4,91.4
4.5,0.1,4.0,12.6,103.2
1.2,16.1,1.4,11.2,80.3
1.9,0.2,0.7,1.7,80.1
2.1,2.8,1.2,1.6,85.0
1.7,21.1,5.2,3.7,67.1
0.5,14.3,3.2,3.5,60.5
4.2,6.9,2.4,9.5,88.3
3.4,19.7,0.4,8.4,87.2
1.8,0.0,5.1,9.4,87.9
1.7,0.6,4.7,6.5,81.9
3.2,11.8,0.6,2.4,86.9
2.7,1.1,1.5,8.4,77.2
1.3,0.1,3.8,8.6,75.9
1.5,18.6,0.8,1.3,87.5
2.5,0.2,3.7,0.9,96.8
3.2,20.8,0.1,5.3,72.5
2.2,3.0,0.5,6.7,80.7
2.2,5.8,0.9,6.2,81.6
1.3,13.7,0.6,4.1,80.5
3.9,4.0,0.8,9.0,93.4
2.8,1.4,0.2,4.5,81.6
1.1,21.6,1.4,7.0,77.2
2.0,0.8,0.4,6.8,84.0
3.4,7.7,0.8,6.5,86.2
2.0,21.1,0.7,6.4,73.4
4.3,4.4,1.8,3.8,83.4
1.5,0.4,1.9,5.2,95.9
2.3,17.2,0.3,5.3,76.3
1.7,17.8,0.4,7.3,72.7
1.1,2.3,0.5,6.8,83.6
1.8,5.3,2.2,5.8,76.8
4.7,15.5,0.2,3.8,70.6
3.0,1.0,2.3,1.3,77.4
0.7,9.1,0.8,10.5,77.3
1.7,9.7,0.7,8.9,82.3
3.9,6.0,1.9,6.4,82.1
2.3,17.3,0.7,2.3,85.9
4.2,15.2,4.4,9.1,78.7
1.5,14.3,5.5,11.8,80.2
2.5,0.7,3.7,1.7,80.7
1.7,0.1,1.5,10.5,80.7
3.3,17.9,1.1,5.8,82.2
2.2,14.3,0.9,5.9,78.8
2.5,1.1,0.8,3.3,66.1
3.6,13.1,3.9,7.3,61.8
3.8,4.7,0.5,5.8,92.0
2.4,0.4,0.5,3.2,77.7
1.7,0.1,4.9,5.0,71.6
1.9,19.6,0.8,6.6,75.2
4.3,9.3,3.6,2.3,78.8
1.5,18.2,0.5,6.4,74.8
0.3,10.3,0.5,6.3,73.3
3.9,7.7,5.2,1.9,68.5
2.5,16.2,0.2,7.5,81.6
1.7,2.6,4.2,8.0,82.1
4.0,10.2,0.3,2.0,80.1
3.8,0.9,3.8,2.7,81.6
1.6,11.6,0.4,8.4,79.1
2.3,3.9,2.8,5.1,76.8
4.1,20.0,0.9,5.1,86.7
3.2,21.6,1.1,2.0,76.1
1.6,4.4,0.6,7.6,68.0
1.1,16.0,4.6,3.6,83.0
1.0,18.4,2.3,6.8,75.5
0.6,9.8,1.1,5.0,83.0
1.6,0.1,0.4,2.3,89.1
1.8,7.4,1.1,3.8,71.4
2.8,0.1,4.5,5.2,81.3
2.7,14.5,0.6,3.9,85.6
1.7,20.4,4.8,9.1,74.0
0.6,13.4,1.0,12.1,84.3
1.9,10.1,0.7,7.0,84.1
2.0,10.6,0.7,1.4,92.1
1.3,0.3,6.0,3.6,83.0
1.3,0.9,5.7,7.0,69.8
4.0,1.8,0.5,8.4,87.3
2.4,0.8,5.1,5.6,64.3
0.6,21.0,1.0,13.1,81.1
1.3,18.4,3.4,4.6,90.8
2.9,0.0,3.3,3.8,77.7
5.2,8.2,1.8,1.8,83.7
4.0,5.4,5.3,3.4,86.2
2.1,20.2,5.3,3.5,76.8
3.5,10.8,0.4,5.0,91.3
1.7,10.1,0.5,8.0,98.2
1.2,18.2,0.5,5.2,79.1
1.1,4.7,3.1,6.2,76.9
0.5,0.6,0.7,6.4,86.5
4.3,3.1,1.4,6.8,70.3
2.1,21.3,1.8,8.0,77.5
2.4,18.9,0.2,6.4,82.2
2.0,1.6,0.8,3.2,78.5
0.8,0.3,4.1,5.0,90.1
1.6,10.3,4.8,6.4,77.1
2.8,4.3,1.9,5.0,82.2
5.3,4.7,1.8,7.1,83.5
3.7,20.4,1.4,6.2,73.3
1.8,0.1,2.1,8.4,70.6
1.6,18.5,2.6,8.3,79.6
2.4,19.7,3.0,3.7,78.2
4.2,18.7,0.3,5.5,63.4
0.9,0.4,3.8,4.5,82.1
1.6,6.0,5.0,9.8,80.8
3.4,19.3,5.9,9.8,69.8
4.2,15.2,0.7,3.4,85.3
1.5,17.9,0.8,5.7,69.8
2.6,0.4,3.5,9.1,70.5
0.8,5.4,2.2,7.1,82.8
0.1,4.1,4.3,8.0,71.7
2.4,4.8,0.5,5.6,76.9
1.8,6.3,2.9,5.5,84.3
2.1,18.8,1.3,5.4,77.5
1.6,4.0,0.3,9.3,82.3
3.0,21.8,1.8,9.4,83.1
5.0,14.6,1.1,4.7,85.3
5.2,21.0,0.7,5.5,74.9
3.4,8.2,0.4,7.4,79.9
0.8,17.5,5.2,5.2,72.0
2.2,7.3,0.4,8.6,94.6
3.7,12.8,0.5,8.8,74.9
4.6,7.9,4.4,5.1,102.6
1.4,13.5,0.4,10.0,84.1
1.1,4.4,0.4,6.3,90.3
1.6,0.3,0.6,12.1,97.1
1.5,0.2,0.4,9.6,80.9
1.2,13.5,5.0,9.6,79.4
2.3,14.6,4.7,11.0,60.0
1.2,0.3,0.2,9.5,85.5
1.7,9.7,4.4,9.4,81.9
0.8,0.6,0.3,6.6,80.7
2.3,2.2,0.5,3.1,67.2
1.8,7.8,1.2,3.7,85.3
0.8,1.5,3.0,7.9,83.1
1.9,1.5,5.0,9.6,82.7
2.0,6.5,1.3,9.0,72.2
2.4,10.7,4.2,9.1,83.2
2.1,10.2,2.2,5.6,74.6
1.7,13.9,1.3,4.7,78.9
2.1,10.4,0.1,4.1,65.7
0.6,5.0,3.9,10.1,70.9
0.5,11.2,3.9,9.4,78.7
1.2,15.9,1.6,4.1,72.7
4.4,0.1,0.5,2.6,72.8
3.4,13.3,3.7,5.5,85.4
1.3,5.6,4.0,9.0,90.5
2.1,8.6,5.2,9.5,74.9
2.5,10.4,1.0,8.6,80.2
2.5,9.7,3.3,9.7,75.2
1.5,21.1,2.4,9.4,75.0
1.3,11.9,5.2,7.8,71.0
2.2,7.1,1.3,4.1,73.7
2.7,9.5,0.4,5.2,78.7
1.7,7.6,1.9,5.3,75.9
1.9,4.5,1.2,5.8,81.4
1.9,8.1,2.1,2.9,76.2
2.9,6.8,0.1,6.7,93.7
1.0,0.1,2.3,4.6,88.1
3.3,19.9,3.5,1.8,60.8
2.1,17.1,1.2,8.0,70.2
2.3,3.2,0.6,3.7,83.7
0.6,5.8,0.7,6.1,81.5
2.5,21.5,1.4,6.6,73.0
3.8,15.6,5.6,7.8,70.3
1.2,0.3,4.4,6.7,97.2
3.7,20.6,2.1,7.8,88.4
0.7,0.7,2.6,8.8,82.9
1.9,1.0,4.1,2.1,71.4
3.5,2.4,2.7,9.3,74.8
1.8,0.2,0.5,5.0,79.0
2.4,0.3,0.9,7.3,86.0
1.8,1.0,0.6,8.7,94.9
0.6,6.9,0.7,1.2,62.9
2.0,20.9,4.5,10.1,69.5
2.3,1.5,5.9,4.6,92.9
1.1,16.6,0.7,4.6,77.1
4.4,13.0,0.3,12.0,72.8
3.1,13.8,4.7,8.7,76.5
2.5,21.0,4.8,10.2,68.3
1.8,9.7,0.3,8.9,94.1
2.2,19.9,1.7,5.4,75.3
1.8,12.7,0.2,11.0,71.2
1.0,1.1,1.2,1.9,83.4
1.3,16.2,1.3,6.5,84.6
2.1,15.6,5.1,5.1,68.1
2.8,6.3,5.7,7.8,76.1
0.4,0.6,1.0,5.3,75.1
3.0,0.1,5.1,9.8,86.1
1.4,0.2,1.0,6.1,86.6
3.3,11.9,4.3,7.2,72.9
2.0,0.3,4.3,3.6,83.1
2.9,2.1,2.0,3.6,88.4
3.1,5.2,1.0,5.3,89.7
2.6,12.8,0.2,6.1,79.7
1.6,5.6,2.1,8.0,76.1
1.1,4.0,1.1,9.2,91.1
1.5,0.2,5.7,4.0,90.8
2.0,7.4,2.0,5.4,83.5
1.8,13.3,2.6,4.5,72.9
0.1,14.4,4.9,3.6,74.9
3.1,7.2,4.3,6.9,77.9
2.1,14.0,4.6,5.8,79.1
2.2,18.1,0.3,6.9,78.7
3.1,3.4,0.1,4.9,71.0
3.7,20.7,5.5,5.9,64.0
3.2,4.5,0.1,5.4,81.2
1.2,0.9,0.2,2.7,73.7
3.6,16.4,2.1,3.7,83.2
1.3,2.6,0.4,11.6,83.9
0.2,12.6,1.1,7.4,79.5
1.8,19.6,3.4,13.1,79.5
2.4,18.6,3.5,4.2,74.1
3.6,0.5,0.8,7.5,92.7
5.3,0.1,0.7,7.0,84.8
2.4,15.5,4.9,11.7,73.7
1.9,17.2,1.2,6.0,87.6
3.8,10.5,5.3,11.8,81.4
1.7,6.2,0.3,10.3,90.2
4.5,0.0,0.3,12.4,88.8
1.3,16.4,0.9,8.0,78.6
1.5,0.3,0.6,10.2,80.8
2.8,0.9,0.7,5.9,88.3
0.9,15.3,3.3,8.0,84.1
2.6,9.6,1.5,10.9,82.3
2.7,18.1,5.8,2.1,78.2
2.5,8.6,0.4,3.8,70.2
2.1,0.4,0.8,8.8,96.6
3.7,0.4,2.3,8.0,86.9
1.9,13.9,3.0,5.7,79.0
1.9,0.9,3.6,2.3,80.0
2.8,14.5,0.4,4.6,81.3
4.0,0.6,4.4,5.3,78.8
4.5,21.7,2.3,8.2,78.2
0.3,18.0,3.9,4.7,71.1
1.8,4.9,3.3,2.8,81.0
3.6,11.6,5.1,5.7,72.4
2.9,20.4,0.4,3.7,80.8
1.6,19.8,1.5,6.4,74.5
1.3,0.0,2.7,6.1,77.0
2.8,11.8,0.6,5.6,63.8
5.0,12.4,3.4,2.1,81.3
3.0,0.1,4.6,5.0,76.9
0.4,0.4,1.5,6.7,77.3
1.7,10.7,0.4,8.2,78.9
2.2,18.8,4.4,6.0,81.8
1.2,16.9,1.6,4.9,79.3
1.0,12.9,0.4,10.4,97.1
3.0,9.8,2.7,6.6,79.4
2.1,6.3,0.4,11.2,89.2
2.9,16.2,0.9,6.6,71.1
2.3,15.3,3.5,5.7,71.8
2.0,13.6,0.9,5.6,78.9
4.7,7.2,1.6,5.0,84.4
0.8,4.3,0.7,5.6,75.7
3.1,0.6,0.6,2.9,82.6
2.7,13.5,0.2,12.9,79.5
4.6,13.7,0.2,8.6,73.6
1.0,4.6,0.5,7.0,94.1
3.1,10.4,1.8,1.6,86.7
2.3,13.5,4.4,9.2,81.3
1.9,13.3,5.5,12.4,73.8
0.2,14.1,1.7,11.7,89.2
1.4,20.0,0.5,5.7,76.4
3.2,12.2,1.3,7.2,66.1
3.8,8.9,0.5,2.9,88.4
2.1,19.7,0.5,10.2,82.8
2.7,15.9,0.2,7.3,79.1
1.7,11.9,3.7,9.9,67.7
2.7,18.2,1.6,4.8,79.6
2.1,5.9,0.9,7.0,81.2
0.1,0.7,1.3,6.4,74.2
1.8,22.0,0.6,3.7,74.1
2.3,0.3,1.4,4.6,82.6
3.0,1.2,0.4,8.9,79.1
2.2,20.4,0.3,5.4,76.5
2.0,4.8,0.9,4.7,80.3
4.7,4.3,4.9,8.9,88.1
4.4,8.8,0.7,4.8,90.5
2.1,8.6,0.2,10.7,75.5
4.5,2.4,4.0,5.7,78.2
1.6,2.3,2.9,3.5,82.0
1.6,3.3,0.4,4.0,83.4
2.9,2.0,1.6,3.7,84.6
5.4,5.7,3.6,2.7,72.9
3.2,0.4,5.1,6.3,82.4
3.6,6.9,5.6,5.2,85.0
2.9,21.2,1.0,3.6,77.9
1.8,5.1,1.6,4.2,77.0
2.3,21.8,2.0,9.4,78.5
1.9,17.2,1.2,7.1,83.4
2.1,0.8,4.8,5.5,86.5
1.8,11.1,2.3,3.0,82.4
1.5,0.3,1.8,4.7,88.0
2.4,21.3,1.3,10.4,78.0
2.6,6.9,2.0,5.1,63.3
2.2,4.6,2.5,5.1,69.8
1.5,17.7,2.2,6.4,73.2
3.4,8.5,0.4,4.0,84.0
5.1,20.7,4.5,10.9,65.1
1.2,3.8,0.5,4.6,96.3
5.3,0.1,5.3,10.9,67.6
2.6,2.6,5.3,9.7,81.4
2.4,17.3,1.3,4.1,65.6
1.7,18.2,1.3,7.8,73.0
5.3,10.8,4.7,6.4,82.0
1.3,13.2,2.0,11.8,71.8
1.0,13.0,0.4,10.0,84.8
1.1,14.3,1.4,4.6,70.7
3.0,7.2,5.5,6.3,78.4
3.0,0.5,0.8,11.4,83.4
2.8,15.5,1.9,6.1,77.6
1.4,20.9,5.7,2.3,67.5
1.7,0.0,4.9,9.3,81.9
1.0,1.8,1.6,7.1,75.6
2.8,17.2,3.4,2.8,68.4
0.4,2.6,4.6,7.0,76.5
3.0,18.4,4.4,10.4,85.8
1.6,19.1,0.4,6.2,94.6
3.5,9.8,0.6,7.5,90.7
3.5,10.4,0.6,8.8,81.6
1.7,0.3,1.5,2.2,88.1
1.7,1.4,0.4,6.5,82.5
3.3,11.0,0.3,4.5,72.1
3.2,0.2,4.8,0.8,88.4
1.8,5.6,1.3,4.8,88.3
1.9,20.2,0.9,3.9,71.0
1.4,1.0,5.9,9.4,81.1
3.1,17.7,0.3,13.2,73.4
5.1,4.1,4.2,2.8,87.0
4.5,18.4,1.3,7.9,79.1
4.0,13.7,0.8,8.6,89.3
0.7,4.1,0.5,5.0,84.8
1.8,10.1,0.3,9.2,76.8
1.0,11.1,1.6,6.2,70.6
2.4,3.3,2.0,4.1,79.8
2.4,4.3,5.2,9.0,73.2
1.4,10.0,0.9,6.1,93.3
3.9,0.2,3.5,3.9,97.5
0.7,3.4,0.3,8.7,73.0
4.0,1.7,5.2,3.0,79.2
4.2,12.8,4.5,12.2,85.5
1.6,3.6,3.2,10.4,70.0
1.5,20.0,0.4,8.3,89.9
1.6,8.7,0.3,11.1,80.5
1.8,0.5,5.2,6.3,84.0
4.5,13.4,2.6,10.4,92.0
2.0,13.4,1.6,7.6,75.0
4.0,14.8,2.6,2.6,83.2
2.0,20.0,1.1,4.9,94.7
3.4,21.8,0.4,8.0,87.4
1.7,17.7,5.2,7.9,84.3
4.5,7.2,4.3,7.6,64.3
2.5,19.3,0.8,8.3,99.6
0.8,10.3,3.9,10.1,87.9
4.0,16.3,3.8,7.0,76.7
3.9,17.6,4.9,10.3,70.8
1.8,7.9,4.0,7.0,81.8
2.8,16.5,4.3,6.4,82.2
3.2,8.7,4.3,10.0,80.3
0.9,16.7,1.9,6.6,75.8
1.6,0.3,0.4,4.1,94.5
5.3,7.5,0.7,5.7,76.3
3.0,5.0,1.2,10.5,72.2
3.9,10.0,0.0,4.8,76.4
2.2,16.4,0.6,11.0,82.1
3.0,1.1,0.3,3.8,77.6
1.1,15.4,2.1,1.2,87.7
1.1,4.7,0.6,3.6,79.7
1.3,0.2,0.9,5.8,92.9
3.3,2.0,1.0,6.0,83.2
2.5,19.2,0.5,7.7,73.6
2.2,6.3,3.5,2.0,96.8
4.0,5.9,1.4,1.7,80.9
3.1,3.1,4.0,4.3,74.6
1.6,14.0,0.5,5.1,73.5
3.8,9.6,4.4,3.5,76.2
3.0,5.4,1.7,6.0,65.9
4.1,7.8,2.0,0.9,88.6
0.9,0.5,0.4,2.6,83.9
2.2,19.2,1.6,6.0,80.3
1.6,20.0,5.1,2.8,76.0
3.9,18.4,0.4,8.0,75.8
5.4,16.7,0.1,10.1,73.5
1.8,8.2,1.2,7.9,79.8
4.3,2.4,0.1,5.5,90.9
2.6,12.9,0.4,7.7,91.0
2.1,20.4,0.7,2.4,75.1
3.3,3.3,2.1,5.6,79.3
3.5,0.4,1.4,3.7,87.3
3.1,18.0,0.5,8.7,78.7
1.7,5.7,5.5,5.4,67.2
2.4,19.3,2.6,8.4,79.3
3.8,8.9,1.0,8.3,80.4
2.6,15.9,5.5,5.8,72.4
2.9,21.3,1.7,5.8,68.3
2.0,13.0,2.8,2.9,83.8
1.8,16.8,4.5,5.5,74.8
0.9,0.0,0.6,7.8,89.1
0.9,10.2,1.0,5.2,89.4
2.6,21.7,1.0,6.6,83.5
4.5,18.8,2.1,6.8,87.6
2.4,14.0,0.4,10.5,71.1
1.4,1.8,4.7,6.5,85.6
2.0,17.1,3.9,4.9,74.8
1.4,21.4,1.1,4.8,73.6
2.7,0.6,1.7,4.0,76.9
4.5,22.0,0.4,3.9,96.3
3.3,1.5,4.1,5.5,69.2
2.5,19.7,4.2,6.5,72.9
3.2,4.7,2.5,5.0,77.7
1.7,19.1,0.8,7.6,76.4
2.5,10.8,3.8,6.3,59.7
4.4,14.3,4.4,11.1,72.3
1.3,6.3,3.6,11.9,87.1
3.3,14.2,0.4,8.6,89.7
1.5,19.1,4.4,9.9,63.1
3.0,6.9,4.9,5.5,73.0
2.6,14.4,1.8,3.9,82.8
2.8,1.1,0.5,6.1,76.4
2.9,15.6,0.7,4.8,82.3
1.2,13.9,0.7,11.4,64.8
1.7,15.5,0.5,7.5,83.5
3.8,0.0,0.5,6.7,93.2
3.7,11.5,4.0,10.3,76.9
2.4,21.9,0.4,6.4,83.1
1.6,17.0,1.4,5.5,81.9
2.9,9.1,3.9,7.4,95.2
2.1,11.7,0.2,9.7,80.3
1.2,16.3,3.2,5.8,73.6
4.8,0.3,2.4,3.2,87.1
3.0,9.2,0.4,8.0,92.5
3.4,2.8,0.7,7.0,81.8
1.2,7.1,0.7,11.7,80.9
3.1,13.4,3.6,11.6,75.1
2.4,18.7,5.1,6.7,80.8
2.6,0.2,0.8,8.8,79.0
1.7,11.0,1.3,9.6,77.9
0.7,19.5,0.9,3.0,-1.0
3.4,13.4,1.2,9.4,92.3
1.5,8.0,1.4,5.0,75.7
3.8,15.5,3.9,7.0,83.5
1.6,18.3,0.2,2.6,79.2
3.0,8.7,0.5,3.2,85.4
1.4,10.4,1.0,9.8,94.6
1.4,0.8,3.0,7.6,80.7
1.7,1.1,3.5,6.7,68.7
2.2,10.1,0.6,8.1,81.9
1.7,10.4,0.4,10.7,82.2
2.8,2.3,3.9,4.5,84.1
2.6,10.7,1.9,2.2,79.4
4.8,11.8,4.7,3.0,87.8
1.5,3.0,5.1,5.1,70.8
2.6,10.2,0.4,5.6,84.7
4.5,18.4,5.8,7.7,85.4
1.0,10.7,1.0,5.3,71.7
2.6,1.1,5.0,6.9,86.4
2.9,15.1,1.9,7.8,73.6
2.2,1.0,3.4,7.4,87.1
5.4,0.2,1.4,10.0,92.6
2.5,18.5,0.9,11.8,73.0
4.0,16.9,0.2,3.9,71.4
0.5,0.0,4.7,9.2,71.7
1.8,8.3,1.6,4.2,76.2
1.1,1.0,1.0,7.5,79.6
2.8,0.1,0.8,7.7,65.7
1.6,1.2,1.8,3.7,78.1
1.7,1.0,1.1,8.1,82.5
0.2,9.7,4.3,2.6,73.6
1.9,15.1,1.2,10.5,80.1
1.1,3.0,5.7,2.4,94.5
3.6,11.1,0.8,4.6,83.5
0.9,13.0,0.4,6.9,72.4
1.7,11.9,1.0,11.6,80.5
2.7,8.2,0.2,6.9,85.6
2.6,18.1,0.6,1.7,72.3
1.0,0.4,3.8,7.7,90.7
1.5,6.4,4.8,4.6,88.9
2.2,7.1,5.9,11.6,91.9
1.8,10.7,1.3,6.4,81.8
3.5,18.2,1.0,8.0,75.8
1.4,6.6,3.5,7.6,64.0
1.5,2.9,3.5,3.0,78.9
2.2,19.1,0.9,8.0,69.9
2.3,4.3,0.5,6.3,84.0
1.8,4.6,0.3,4.0,86.2
1.5,4.6,4.8,6.8,82.9
4.3,7.5,2.7,4.7,97.3
3.5,16.1,2.4,5.6,76.9
3.0,17.6,3.2,6.9,71.2
0.3,0.1,5.5,5.0,83.7
3.5,19.7,4.0,8.6,71.4
1.6,10.3,0.8,4.6,78.3
1.9,10.9,4.0,7.9,82.5
1.4,1.5,3.8,10.2,82.2
2.4,3.9,2.2,6.2,87.0
3.1,21.0,2.0,6.0,77.1
1.8,12.8,3.8,6.4,71.4
1.6,20.5,0.7,7.1,75.5
2.3,14.7,0.7,3.6,74.3
1.7,20.9,1.4,6.1,85.5
3.6,5.9,1.1,2.0,77.3
4.5,1.1,0.3,5.6,88.1
1.9,16.9,4.4,4.8,80.5
2.3,21.5,1.0,4.9,78.8
2.5,12.6,1.5,7.8,77.1
4.2,20.5,0.2,11.5,80.6
1.0,13.4,2.5,1.8,69.8
2.5,13.9,5.3,8.5,75.4
3.7,0.1,0.4,7.0,76.2
4.4,11.6,0.4,3.8,74.9
2.1,17.3,1.2,9.2,74.8
2.9,19.1,1.6,9.8,69.5
4.7,5.6,2.7,6.0,95.2
2.8,21.9,2.1,5.6,91.9
3.2,18.8,0.4,3.5,73.2
1.5,0.7,1.2,12.9,92.3
1.4,16.4,2.7,8.5,82.1
2.2,0.2,0.0,4.6,71.1
1.8,0.1,5.0,4.4,75.2
2.5,3.4,1.2,9.0,80.2
2.8,1.1,0.5,9.2,72.8
3.5,0.3,0.5,3.3,78.9
4.7,8.6,3.1,6.5,77.3
4.1,19.5,4.7,12.9,77.8
1.6,20.1,0.5,7.8,75.6
2.3,11.4,0.4,8.0,81.1
1.7,0.2,0.9,6.0,80.7
4.8,12.7,0.1,9.4,86.6
1.2,0.3,4.1,9.0,100.9
2.7,19.1,0.8,5.6,81.8
0.2,20.8,5.2,7.5,79.9
0.6,19.7,0.7,6.9,78.6
2.9,3.3,3.8,4.8,82.9
2.4,8.5,0.6,7.5,87.5
1.5,10.5,0.2,8.4,80.7
1.0,9.2,5.7,7.5,84.9
5.4,17.2,2.2,8.2,75.3
2.9,20.9,0.8,4.7,65.9
2.9,8.5,5.0,2.4,73.3
4.0,7.5,1.4,4.3,79.7
3.3,0.1,4.1,3.5,86.4
1.4,0.2,4.8,9.2,69.2
3.6,4.2,0.5,11.0,71.1
1.7,5.5,0.5,1.9,81.8
2.0,1.1,1.8,6.4,76.9
1.6,18.2,0.3,3.3,73.5
2.4,1.1,1.2,4.7,76.4
1.9,13.8,0.9,3.1,92.0
4.0,9.8,0.7,3.6,75.6
2.7,1.5,0.8,2.4,74.1
4.3,13.9,1.8,7.1,94.3
1.8,11.3,1.1,8.1,79.4
0.5,6.9,3.2,9.8,88.4
1.0,21.0,2.1,6.7,79.4
2.2,7.9,1.7,8.1,77.2
4.9,5.8,0.5,3.9,82.3
3.0,17.3,0.5,7.6,75.3
3.7,6.3,0.5,6.7,100.2
1.5,18.5,1.1,6.8,82.2
4.4,4.5,1.8,4.9,82.0
1.1,0.6,5.3,6.4,79.9
1.2,13.6,0.6,5.1,67.0
1.9,7.6,2.4,6.4,76.4
0.5,0.3,4.0,3.4,100.4
1.4,3.1,1.1,4.8,96.9
1.1,15.8,1.9,9.7,77.1
3.9,6.3,3.2,5.3,68.0
5.1,16.7,4.0,6.9,98.1
1.6,5.2,1.4,6.7,77.0
1.6,1.1,2.9,7.9,81.7
2.5,4.0,0.5,6.1,83.7
2.4,13.4,0.7,6.3,71.9
1.4,9.0,3.5,4.1,79.1
1.5,0.1,1.7,6.3,99.3
0.5,12.5,5.1,10.3,75.3
3.8,10.9,0.4,4.6,79.2
0.7,3.3,2.0,2.3,78.6
2.1,2.5,5.8,11.1,90.5
1.5,6.2,1.4,4.8,89.9
3.5,17.3,0.3,7.0,72.7
2.7,19.0,2.0,5.4,76.6
4.0,6.3,0.6,6.5,84.0
1.8,10.8,5.3,10.9,98.6
1.3,19.8,5.1,8.2,72.5
1.4,1.6,0.6,8.2,77.6
2.6,19.8,5.3,13.4,88.0
1.6,22.1,1.0,2.0,93.8
2.4,0.3,4.9,9.9,91.2
2.8,13.3,2.4,4.5,87.1
1.9,0.3,0.6,3.3,74.3
1.0,8.2,0.3,6.4,75.3
3.2,19.5,1.3,2.1,89.1
3.9,16.1,4.9,6.2,93.5
1.7,0.3,5.2,7.2,88.6
4.1,8.6,2.1,7.1,84.4
0.7,17.3,4.2,8.6,73.3
5.4,1.8,0.1,7.5,83.1
2.2,1.0,4.7,6.3,85.6
4.0,13.4,4.9,5.8,88.7
1.4,6.0,2.9,5.5,86.9
2.9,13.9,3.4,8.6,83.6
0.6,0.4,2.7,2.0,88.3
0.9,0.2,0.8,6.2,86.0
3.3,13.6,1.7,5.1,71.8
2.3,21.7,0.7,1.5,87.9
1.8,5.1,5.2,11.6,75.1
1.3,21.4,1.4,4.9,76.9
1.8,0.1,5.8,3.9,63.2
2.3,21.8,4.5,9.4,87.7
3.0,8.0,0.5,6.1,88.1
3.2,8.6,0.9,6.9,88.4
3.3,18.5,0.2,7.3,74.1
3.7,19.8,1.3,4.2,70.5
2.0,0.3,0.4,4.1,85.0
1.2,7.1,0.6,8.5,77.0
0.9,9.4,1.2,4.4,82.5
2.3,0.4,2.6,5.2,79.4
3.6,4.6,4.7,8.4,79.9
1.5,5.0,4.7,3.9,94.9
3.0,17.8,0.6,1.8,76.7
3.6,0.5,0.6,5.0,87.6
2.2,7.7,3.4,7.8,79.8
3.3,16.7,4.0,10.6,76.7
3.3,11.0,4.7,9.6,73.3
1.4,10.5,0.1,2.7,86.2
3.9,5.5,1.6,7.3,74.5
2.4,12.4,0.5,6.2,75.2
2.8,21.7,3.7,5.9,79.4
2.2,4.2,1.2,1.7,86.5
2.0,20.2,4.3,7.3,78.2
3.6,13.3,5.1,13.4,75.3
0.8,6.4,0.3,11.8,80.8
3.1,19.9,0.3,2.5,82.7
1.4,19.4,1.2,6.1,83.3
1.2,19.0,1.9,5.9,93.2
2.1,14.0,4.5,3.8,69.8
0.9,8.9,2.9,8.2,69.3
4.6,0.7,0.6,7.6,82.7
1.1,22.2,1.8,2.7,68.1
2.4,12.5,0.5,8.9,74.9
3.5,3.6,0.2,5.1,88.7
2.1,22.0,4.6,1.6,76.8
4.6,18.6,0.5,5.1,76.3
3.8,0.5,4.9,3.6,77.4
1.2,0.2,1.0,7.2,86.0
1.8,5.7,1.3,1.9,77.8
2.5,4.3,5.1,3.0,85.8
4.6,20.8,2.6,4.6,84.9
4.2,1.3,4.1,3.6,82.8
4.1,7.1,4.0,7.9,78.5
1.8,10.4,0.8,8.8,63.2
2.6,17.5,1.0,5.7,74.1
3.0,21.0,5.2,4.0,70.5
1.8,20.1,2.4,2.4,64.2
1.7,16.0,4.9,9.2,77.3
1.9,3.0,4.9,2.7,76.2
1.6,16.3,1.4,11.9,80.0
3.3,0.6,1.3,8.1,78.3
0.5,5.5,0.4,3.6,93.2
0.6,16.8,0.8,3.6,76.2
2.0,10.7,1.2,8.5,88.8
1.9,13.9,0.9,8.6,68.0
2.1,17.8,4.1,4.0,87.6
3.4,17.2,0.5,1.5,86.5
2.8,17.2,1.0,7.0,74.6
3.8,20.4,1.2,3.6,82.0
2.8,4.8,0.3,3.1,78.1
1.4,16.0,1.3,8.0,87.7
2.3,6.9,0.6,6.5,83.0
1.4,9.7,0.6,1.9,75.0
0.6,7.6,0.5,4.6,77.3
3.4,13.8,0.9,9.3,72.8
3.2,7.0,1.9,6.2,66.8
1.1,0.4,0.9,10.0,76.0
0.9,13.1,0.7,5.2,65.9
2.5,1.1,3.9,11.1,85.8
1.6,19.1,1.4,6.2,63.0
2.9,11.8,2.2,6.8,73.8
4.0,16.3,0.5,12.8,80.9
2.3,6.4,1.2,5.0,78.7
1.5,3.8,1.8,6.7,74.3
0.9,4.4,4.8,7.8,76.4
4.5,4.8,4.0,6.6,76.5
1.4,15.6,5.0,3.7,73.2
1.3,8.5,5.6,6.7,80.1
1.2,0.3,0.7,7.7,73.6
3.1,16.3,1.3,3.9,79.4
1.8,16.7,4.4,8.8,75.0
1.2,3.8,1.2,3.3,81.1
0.8,18.8,0.7,3.9,90.2
1.2,0.2,1.8,5.9,86.8
2.5,15.3,2.7,8.4,73.2
1.7,22.0,1.3,5.8,86.1
1.1,10.5,0.8,7.9,80.4
3.6,0.2,3.9,4.1,92.2
1.6,2.9,1.8,8.5,79.8
2.8,14.7,3.5,7.0,88.0
3.4,2.2,4.6,10.4,89.3
4.0,0.9,3.3,6.7,90.4
3.4,21.7,1.2,3.4,66.4
2.6,3.8,4.1,3.4,71.4
1.4,9.9,0.8,8.0,93.9
3.5,3.2,1.2,9.3,85.0
2.5,1.9,0.8,9.9,82.5
1.7,0.6,5.8,7.5,78.2
3.5,21.2,4.6,4.3,78.4
2.4,1.8,0.3,8.4,69.9
3.0,10.7,0.2,7.3,79.4
1.8,0.4,0.7,4.2,87.0
1.7,20.4,1.7,7.8,75.6
3.3,8.0,0.7,10.9,70.4
2.8,14.2,0.3,8.4,72.1
2.4,19.5,0.3,12.0,95.0
1.1,15.2,0.7,4.8,79.8
1.7,15.5,4.3,4.1,77.8
3.2,3.8,5.1,9.4,89.5
1.3,8.5,5.5,6.0,74.2
5.1,0.7,5.9,10.2,78.1
4.2,4.4,2.6,5.5,81.7
1.3,20.8,4.1,8.9,71.1
0.5,20.2,0.3,6.3,66.5
4.2,22.0,5.2,7.9,86.6
0.8,0.4,0.3,6.1,65.6
2.6,0.8,0.4,4.6,72.3
2.3,15.8,1.4,3.0,82.0
1.7,19.6,5.9,11.3,70.3
1.0,6.7,1.8,9.6,75.1
1.4,20.4,0.5,8.5,79.5
1.9,9.4,2.1,8.5,88.0
2.7,13.1,3.1,8.8,75.4
4.0,16.4,4.4,3.1,76.4
3.8,5.9,4.6,7.7,89.2
2.8,5.7,3.4,5.3,83.6
2.7,2.8,1.0,5.7,83.1
2.7,6.6,4.0,5.1,71.7
2.9,16.6,1.0,11.1,91.0
1.9,0.0,0.5,7.5,85.8
1.6,21.3,0.4,5.3,67.7
1.0,14.9,0.6,8.5,87.0
1.4,14.0,4.4,4.7,86.5
2.1,8.2,1.9,8.0,89.0
4.5,2.4,1.1,12.8,87.4
1.8,2.4,0.3,5.7,97.1
3.4,14.5,0.4,9.5,86.1
1.4,3.5,2.6,5.8,97.5
1.0,0.6,0.6,10.0,80.6
0.3,0.0,2.1,7.5,93.6
1.3,1.2,0.3,8.7,87.0
3.3,19.5,0.2,7.7,82.1
1.1,13.0,3.1,10.7,76.6
2.0,1.8,3.5,2.2,89.5
4.3,11.9,4.2,3.8,84.7
1.7,7.2,4.6,6.1,84.6
4.3,18.3,1.4,6.4,89.6
0.5,4.5,1.5,2.8,83.4
1.9,11.3,5.7,6.7,76.6
1.9,0.4,0.9,2.7,84.9
3.9,14.2,0.3,7.5,74.7
3.7,20.9,2.8,2.9,72.7
2.6,13.4,0.4,8.3,79.8
3.8,0.6,5.0,5.1,81.6
5.4,19.1,0.3,1.6,78.3
1.5,0.9,3.5,5.6,77.7
1.7,13.0,0.3,3.8,76.0
1.2,6.0,2.5,5.7,77.6
3.8,0.5,0.6,7.4,77.1
1.9,0.3,4.4,5.3,82.4
3.0,9.7,0.6,8.3,80.2
4.1,0.0,5.1,4.5,87.5
3.6,9.2,0.6,6.1,90.1
1.5,0.1,3.5,3.8,80.7
1.1,11.5,2.5,5.4,70.0
1.7,8.8,4.3,10.2,70.4
4.3,18.3,0.3,3.6,80.3
1.6,18.7,2.0,11.2,80.2
4.2,12.7,0.5,6.5,83.4
3.1,13.3,0.2,6.3,87.0
1.9,19.1,4.6,9.2,83.5
1.6,19.7,0.4,2.7,72.7
2.7,11.3,1.8,7.9,69.9
1.0,1.2,5.0,7.4,81.5
1.4,20.2,1.6,10.9,65.3
2.4,6.0,2.5,9.0,87.2
3.7,15.1,5.3,8.7,85.2
0.8,19.5,0.5,9.7,59.6
1.5,0.7,2.4,5.3,72.0
1.4,0.7,1.1,4.1,93.0
4.2,2.3,2.7,10.8,80.8
4.2,5.9,0.8,7.8,72.5
1.8,0.1,1.0,6.3,93.8
2.3,6.0,1.2,9.4,86.7
4.6,10.4,0.4,5.8,78.4
1.8,8.4,3.7,11.0,86.7
3.7,0.9,5.6,6.5,69.6
1.0,6.4,0.9,6.6,68.1
2.8,12.4,2.7,7.2,63.7
0.8,19.9,0.2,8.4,74.0
3.3,8.1,5.2,3.8,67.8
2.3,21.7,4.7,4.4,72.5
2.0,7.0,2.1,3.6,80.9
4.5,20.3,1.2,10.0,75.5
2.9,14.3,0.4,5.3,72.6
2.6,11.2,5.0,4.4,76.0
3.6,5.3,0.8,7.7,82.8
0.4,0.0,1.1,2.7,81.9
1.6,3.2,3.4,10.0,96.4
1.9,12.5,4.5,5.5,81.7
2.1,0.0,0.8,6.7,84.1
1.7,21.9,3.8,4.1,63.1
1.9,7.6,1.9,12.5,79.8
3.8,13.6,5.1,5.5,73.9
3.1,20.9,1.5,5.5,83.8
1.2,0.9,3.2,4.3,85.3
2.1,6.5,5.2,4.9,74.3
5.3,15.4,0.8,7.3,70.3
0.8,17.6,0.8,8.6,76.0
2.6,18.9,3.5,5.2,74.5
1.6,11.0,4.7,6.8,74.4
1.2,3.7,5.6,4.5,85.2
2.1,2.4,3.2,12.2,82.1
1.5,11.0,4.4,7.9,75.9
2.0,1.6,0.8,4.7,74.5
1.6,18.0,0.6,7.5,92.1
2.2,4.0,4.0,10.5,71.3
2.8,7.2,4.2,6.6,83.8
2.1,13.0,4.0,2.7,83.0
1.6,17.2,5.7,4.1,73.5
2.8,1.9,0.2,5.8,80.9
1.1,20.8,5.5,6.5,73.1
5.3,5.6,3.8,8.4,79.4
3.5,1.0,4.2,5.9,101.7
2.0,15.6,0.8,3.9,86.7
0.7,9.2,2.3,5.5,76.8
0.8,6.9,0.7,4.8,83.7
5.3,18.0,1.1,10.6,81.7
2.1,10.9,4.7,6.3,89.9
1.9,18.8,0.7,6.1,60.5
1.0,10.0,1.7,10.7,60.5
4.3,10.4,1.7,5.2,80.9
1.4,4.8,1.2,5.4,73.4
3.7,0.1,0.5,7.4,82.7
2.6,16.7,0.7,6.2,83.9
3.7,11.4,1.8,6.9,74.9
2.3,19.0,0.2,12.7,74.3
1.6,18.9,0.5,8.5,76.7
3.1,17.6,4.1,6.3,74.5
2.9,0.3,0.2,5.0,64.7
2.9,15.8,5.1,2.3,77.5
1.9,3.8,2.8,2.4,82.0
2.8,17.0,2.6,3.1,83.6
1.8,13.3,4.3,2.0,86.8
1.6,12.2,2.0,4.3,77.8
1.2,1.7,2.0,5.9,78.6
4.0,0.1,5.9,7.2,91.9
1.7,16.1,1.2,8.9,81.6
1.5,16.1,3.8,7.8,72.6
1.9,8.7,4.9,5.3,79.6
1.1,14.4,0.8,8.6,76.6
4.3,0.1,0.4,5.3,93.0
2.2,6.0,0.6,8.2,79.8
1.6,14.0,4.4,5.9,72.6
2.8,1.0,1.3,11.1,79.3
1.5,2.9,0.9,11.4,79.8
2.8,19.3,1.1,8.5,90.7
1.5,13.8,4.3,12.2,87.2
2.0,8.9,4.8,6.7,72.0
1.7,9.2,5.8,6.4,76.1
1.8,6.6,2.6,7.6,87.0
1.7,16.4,4.5,3.3,83.0
4.6,12.8,0.5,8.3,81.9
3.5,19.8,3.2,4.1,75.8
3.2,19.7,1.3,6.1,78.8
3.5,9.5,0.2,3.6,82.8
1.1,6.3,4.2,7.0,62.7
1.3,14.9,2.5,11.3,87.0
2.5,5.2,0.1,2.7,78.2
0.1,21.7,4.9,8.6,62.9
2.9,19.5,0.7,4.7,80.2
1.9,12.3,4.9,10.1,68.4
4.3,2.5,4.7,5.7,94.7
1.6,9.5,2.5,5.9,80.6
3.8,3.3,1.2,5.3,76.4
3.4,10.5,4.4,5.0,73.6
3.0,7.9,3.1,8.4,79.5
1.9,0.2,4.6,5.6,75.1
2.7,15.4,0.2,4.9,82.0
2.6,0.3,4.3,9.2,76.3
1.0,18.3,4.4,4.8,81.1
1.5,10.1,1.0,4.8,81.4
2.4,19.1,0.9,4.1,86.1
2.6,1.8,1.0,4.8,82.7
1.8,21.2,0.3,4.9,73.1
1.3,0.3,4.6,6.0,78.7
2.9,6.8,2.8,7.6,89.2
4.8,0.9,1.8,11.1,68.7
3.5,9.4,1.9,11.6,82.7
2.1,17.4,4.9,6.0,71.0
3.2,5.3,1.6,5.5,88.2
4.2,22.1,3.9,9.7,84.1
0.1,4.5,0.8,6.5,87.7
0.6,19.2,2.8,9.4,76.6
1.3,15.3,3.2,9.2,82.5
4.6,1.4,4.5,3.5,78.3
4.5,19.3,2.9,5.7,77.1
0.9,0.7,1.3,4.2,85.4
0.7,18.5,5.1,7.3,78.9
1.6,5.5,1.8,6.9,75.1
2.3,5.9,0.8,3.0,79.5
3.9,0.8,1.6,8.0,83.7
3.7,11.7,2.7,11.3,87.7
2.9,0.2,0.2,5.6,90.4
0.7,6.6,2.8,12.2,85.1
0.2,18.6,5.4,6.4,78.3
0.2,3.8,0.5,5.3,78.2
3.6,0.2,2.1,4.7,90.9
2.1,9.8,1.8,8.6,72.1
3.8,0.4,0.6,5.2,87.0
2.2,2.6,4.1,6.8,75.6
1.4,20.2,0.7,13.3,80.7
3.4,12.4,2.6,6.4,75.8
3.3,6.6,4.4,5.4,87.7
2.7,19.2,5.2,4.3,90.2
4.4,10.0,0.0,7.5,74.7
1.7,16.5,0.4,4.9,83.9
2.8,16.8,0.0,2.2,75.4
0.5,1.5,5.6,8.5,74.8
0.4,5.6,2.2,2.8,75.8
4.0,18.3,0.3,2.3,81.1
1.3,21.4,0.3,5.3,79.4
1.4,15.2,0.4,5.0,71.7
2.5,2.1,1.1,3.8,97.8
1.7,0.3,0.4,3.4,81.2
4.3,0.5,3.6,11.1,97.4
2.7,13.6,6.0,11.6,78.4
1.4,8.7,0.4,10.3,74.7
2.3,21.5,2.5,9.5,79.4
2.6,5.1,1.3,5.0,81.0
1.0,8.0,0.2,9.1,84.1
3.8,16.9,3.7,0.8,78.2
0.8,12.8,5.2,4.6,78.1
4.4,2.3,4.0,5.7,77.3
3.8,2.4,0.8,7.7,79.2
3.4,11.7,1.6,6.1,82.0
1.1,16.1,0.3,3.3,76.0
3.5,13.5,3.2,11.4,76.4
5.2,7.7,5.3,1.5,80.3
1.6,0.7,0.4,6.1,75.6
2.6,18.5,5.2,5.2,63.4
2.2,13.7,5.4,7.0,79.7
2.5,17.9,3.5,11.3,79.2
1.3,8.0,4.1,6.4,81.5
1.2,16.9,0.6,7.1,60.9
4.3,19.4,1.4,6.8,81.6
3.9,10.8,4.0,11.2,74.7
3.2,18.8,0.1,6.6,64.3
4.8,13.3,0.7,8.6,82.4
2.4,16.4,0.6,7.3,85.2
2.0,2.2,0.6,4.3,78.3
1.2,10.6,1.3,7.6,73.8
1.1,2.0,2.0,10.2,86.4
1.2,21.6,0.5,1.5,94.0
5.4,16.0,0.6,2.7,81.1
2.9,16.4,2.0,9.7,70.2
1.8,7.6,1.0,7.9,65.1
1.4,17.9,0.1,9.1,80.0
1.7,12.4,5.8,11.7,64.6
2.8,6.9,4.3,7.0,90.8
2.7,0.8,0.3,7.1,75.6
1.4,17.2,0.7,7.3,76.0
3.0,5.5,0.3,7.5,77.0
4.5,16.4,5.1,5.9,81.5
4.8,5.4,4.2,2.0,81.4
1.7,9.6,2.8,3.0,75.4
3.9,21.9,0.2,5.9,67.0
1.1,19.7,4.8,7.3,78.4
1.5,4.1,2.2,3.7,83.1
0.8,21.5,2.1,7.9,86.9
1.6,14.4,3.0,8.0,87.2
4.4,6.8,0.6,10.4,74.1
3.3,12.1,1.4,3.3,86.7
3.2,2.1,5.0,10.4,88.6
0.8,0.1,1.7,8.2,73.4
1.9,4.2,3.2,5.7,79.4
2.0,8.6,1.3,4.1,66.2
4.3,0.7,2.2,3.0,72.5
4.6,20.2,0.5,5.6,75.3
2.4,19.4,3.7,3.5,89.2
0.8,7.0,2.3,1.3,90.6
0.9,4.0,5.9,3.8,81.0
3.3,2.0,4.5,4.8,87.2
2.6,0.1,1.2,7.7,89.4
2.8,12.7,2.8,4.4,73.6
2.3,14.2,0.2,3.6,63.4
2.7,7.1,1.3,2.4,81.4
1.2,3.1,2.7,5.7,85.6
0.4,0.4,1.9,7.7,72.8
1.3,0.4,1.7,8.4,78.2
1.0,5.7,1.9,9.2,72.8
2.5,1.6,0.8,11.7,92.0
3.2,5.3,0.7,8.1,79.3
3.4,22.0,1.2,5.9,79.4
2.7,0.2,4.7,3.9,91.0
2.2,7.7,1.4,5.1,74.1
2.4,13.4,0.2,8.8,69.5
1.4,13.7,5.7,7.1,79.2
4.5,1.0,0.1,6.0,87.0
2.8,5.2,1.2,8.4,85.9
5.0,17.3,5.0,2.8,78.1
1.2,6.8,4.3,7.1,88.9
3.2,2.8,2.3,8.9,79.2
1.4,12.8,3.8,10.7,73.9
1.9,21.4,0.2,5.5,73.3
3.4,15.3,4.3,6.2,70.9
2.6,6.4,0.7,7.4,81.5
3.2,17.1,0.4,6.1,80.3
3.9,12.2,0.2,1.6,74.9
3.7,5.8,6.0,2.5,79.9
3.4,10.4,0.6,9.3,94.0
1.5,4.3,4.3,2.8,92.5
1.3,13.2,1.4,3.1,74.8
1.6,3.1,0.2,7.3,77.8
0.7,19.5,5.0,4.0,71.2
1.4,0.8,4.5,6.7,75.6
2.4,11.2,3.7,10.3,78.9
1.8,2.3,1.7,4.1,101.1
1.7,4.8,2.3,2.9,90.9
1.9,8.8,2.1,5.2,75.7
3.0,3.7,1.4,8.9,92.1
1.2,22.1,3.2,6.7,64.6
3.0,21.2,3.5,10.6,76.7
2.4,12.7,1.8,5.1,70.7
1.3,7.9,5.9,6.5,82.8
3.4,0.8,0.2,7.3,90.5
1.0,0.2,0.7,10.8,93.2
3.1,13.6,0.4,3.8,74.7
1.4,21.3,0.9,1.5,77.2
2.5,6.3,0.3,7.4,76.2
2.1,16.2,2.0,10.7,70.8
1.5,10.1,4.3,2.9,72.3
2.9,8.7,0.1,9.4,88.9
1.3,0.0,2.2,6.2,95.9
0.5,0.1,2.2,3.7,63.8
3.3,20.7,0.5,8.9,83.6
4.1,11.6,4.3,8.5,69.1
4.6,16.9,1.3,3.2,69.4
4.5,0.7,0.4,8.4,82.3
0.9,15.0,0.1,3.8,69.5
4.3,0.3,2.0,2.2,96.2
1.9,0.6,0.8,3.3,79.0
2.3,19.4,0.8,5.9,66.6
1.2,16.3,5.7,3.3,78.8
1.7,12.7,5.0,8.9,74.7
3.6,14.5,5.7,5.9,73.4
2.6,1.3,3.4,8.4,86.2
1.8,5.5,0.5,6.9,67.8
4.1,2.1,5.1,5.5,101.7
2.8,0.0,0.6,8.2,80.7
3.8,6.5,1.4,10.9,83.2
1.6,1.0,2.1,2.1,77.6
0.6,9.3,4.5,9.9,77.8
3.9,2.4,4.9,2.3,93.0
1.4,2.3,0.6,7.4,79.6
1.2,7.7,0.8,8.6,77.2
1.9,5.4,1.3,2.0,75.5
3.1,3.6,0.4,6.8,87.2
1.3,11.9,4.9,2.7,68.2
0.4,15.1,5.4,5.4,80.9
2.0,12.2,3.2,4.0,66.6
2.5,0.4,1.2,4.3,101.6
0.4,2.5,4.0,9.8,84.1
5.4,2.8,2.1,5.5,96.5
3.4,16.8,6.0,8.2,81.8
2.7,3.5,4.6,2.3,79.2
2.8,11.0,1.9,6.0,88.0
2.3,22.0,0.4,9.1,90.6
2.0,0.0,0.6,9.7,65.4
3.3,15.5,0.2,5.7,78.0
2.9,6.7,0.8,5.8,63.9
2.7,10.8,0.5,6.1,68.1
1.7,11.6,2.7,9.1,77.5
2.2,5.3,2.2,3.0,72.6
0.5,7.9,4.3,3.5,86.2
3.7,12.1,2.2,9.5,76.8
2.4,5.7,4.8,8.8,82.9
1.2,14.1,3.8,6.8,86.1
2.0,13.5,3.2,6.4,82.2
1.0,0.5,3.6,4.8,77.2
2.9,17.8,2.9,7.1,73.6
1.8,4.3,0.5,2.7,78.5
3.5,8.0,1.2,6.6,85.9
4.6,21.3,1.7,7.0,88.6
0.4,17.3,0.1,7.0,79.7
1.3,7.0,0.7,9.2,74.4
2.9,0.3,0.6,5.7,85.8
3.8,8.6,0.3,3.8,85.5
2.7,5.2,2.4,12.5,79.8
2.8,12.6,5.1,6.6,82.9
2.6,10.5,1.8,5.3,73.6
4.0,22.1,5.2,4.4,81.4
2.5,4.8,0.6,6.6,75.2
4.0,16.9,2.4,0.8,80.6
1.5,7.4,5.6,4.8,66.0
2.9,6.9,2.2,9.8,75.7
0.4,18.3,0.6,10.2,84.7
1.4,14.1,4.2,3.5,80.1
2.7,0.4,1.0,2.9,80.4
2.0,2.2,4.2,9.9,78.6
5.1,8.2,1.3,7.7,93.6
1.6,19.0,0.2,7.6,74.4
4.2,7.3,4.1,6.1,78.3
2.3,18.4,4.0,7.2,72.6
5.2,0.3,0.4,7.7,87.9
2.0,8.7,1.0,8.9,74.5
3.9,2.9,1.0,8.1,78.2
2.4,9.3,1.4,10.1,76.9
1.4,9.8,1.2,9.3,82.1
1.5,14.7,0.4,2.3,83.0
5.2,16.6,1.0,11.9,69.3
1.9,13.5,0.4,4.6,66.6
2.4,14.6,2.6,4.8,75.1
3.5,14.8,2.2,9.9,65.9
2.9,0.3,0.3,9.1,85.7
1.6,13.4,5.4,4.1,77.5
0.7,3.3,0.5,5.9,84.6
2.5,7.7,4.2,3.5,82.1
1.0,8.1,4.0,7.7,78.0
4.9,13.1,2.1,2.4,65.3
3.3,21.1,0.4,6.3,99.4
2.1,10.7,4.7,6.3,77.5
2.7,14.6,4.9,5.9,71.5
1.5,7.7,2.4,7.0,92.7
1.1,11.3,5.2,3.4,85.8
1.8,1.5,4.9,2.3,92.1
3.2,19.6,0.4,4.5,82.1
2.5,0.3,0.8,6.7,86.6
1.8,10.3,4.8,1.9,72.5
2.4,5.9,0.2,7.0,80.9
3.1,1.3,0.7,4.6,80.4
2.2,5.7,2.2,9.2,83.3
2.3,4.8,0.3,8.1,86.0
1.3,8.4,5.1,5.1,87.7
1.9,8.2,4.8,4.9,72.4
2.1,0.2,0.3,7.7,74.6
1.0,20.4,5.3,1.6,72.2
1.9,8.6,0.8,4.8,75.2
1.1,20.5,2.3,5.1,78.1
1.4,8.7,0.6,7.1,74.0
2.4,14.6,1.3,3.3,90.6
1.8,6.7,0.5,6.0,84.4
2.3,13.1,4.7,5.7,92.6
4.3,3.0,3.8,6.4,79.7
2.5,18.3,3.4,5.3,77.1
4.8,1.4,4.1,9.7,83.6
3.5,21.7,3.5,3.2,76.1
2.6,0.9,4.4,8.5,85.8
1.9,2.1,3.8,4.5,85.7
4.6,5.6,2.8,7.0,82.6
1.9,1.5,5.4,4.0,81.9
4.7,3.3,0.5,9.9,86.9
1.4,6.8,0.8,8.1,99.9
5.4,11.5,1.3,10.2,82.7
3.4,17.8,0.3,9.0,61.8
2.6,18.0,4.3,5.6,78.1
1.0,9.3,1.3,3.9,77.0
5.1,15.5,5.0,5.2,76.3
2.6,0.6,0.9,3.5,83.2
3.3,11.7,1.5,7.9,85.7
2.7,1.1,5.7,3.2,75.9
1.9,2.1,4.3,8.1,74.7
4.6,3.4,1.0,5.5,90.1
1.4,7.1,0.1,5.9,72.3
2.1,17.4,2.5,8.0,71.1
1.0,13.4,0.9,8.7,71.5
4.7,5.0,0.5,3.5,86.0
2.2,19.6,4.1,7.3,81.0
1.4,6.3,1.0,2.4,78.5
1.2,17.2,0.5,12.0,70.4
1.6,12.6,0.3,3.7,83.4
1.6,0.2,4.9,13.8,71.3
2.3,16.6,0.4,6.7,73.4
3.1,19.9,2.9,6.0,86.9
1.5,19.0,0.9,5.0,77.2
2.2,0.4,0.2,4.0,86.7
4.8,8.4,2.1,3.6,88.7
1.8,9.9,1.5,8.2,75.3
1.7,4.8,1.4,5.8,96.7
3.6,4.0,4.6,9.8,82.2
3.4,8.3,1.6,3.6,80.8
2.4,0.1,4.7,9.9,85.4
2.7,3.4,5.2,3.2,77.6
1.6,16.6,4.3,8.4,64.3
2.9,9.2,0.6,4.3,71.5
3.6,8.3,4.1,10.0,73.3
1.6,2.9,1.5,13.1,77.3
1.5,20.5,5.3,5.6,81.0
2.2,13.4,4.1,8.6,86.3
1.4,11.1,3.8,2.8,91.8
1.2,6.9,1.0,7.3,77.7
3.5,21.2,0.6,6.5,85.3
1.1,22.1,2.0,5.2,79.6
1.4,2.6,1.3,11.8,89.6
2.0,10.9,5.2,8.0,78.6
0.7,20.5,3.7,9.5,72.9
2.4,5.5,0.2,10.6,88.9
2.7,0.3,5.4,3.3,87.0
1.0,22.0,1.2,5.3,79.1
1.7,1.4,2.9,6.1,88.5
2.2,0.7,2.5,9.0,87.1
3.9,3.0,0.1,5.7,82.5
1.7,0.7,5.2,4.8,74.2
2.6,14.8,2.9,7.7,85.9
0.8,6.0,0.5,6.4,80.9
3.6,1.0,0.7,2.1,76.2
3.0,16.4,0.9,4.7,92.3
1.2,13.4,0.6,7.5,62.0
1.3,12.5,3.5,3.0,90.5
2.8,18.6,0.5,6.1,75.9
1.4,8.7,2.6,10.6,70.0
3.4,15.0,0.2,4.2,78.4
5.4,1.1,5.6,4.9,81.5
2.1,20.5,1.8,5.4,76.1
1.9,6.9,0.3,2.5,69.7
0.2,5.2,4.3,11.4,86.0
4.5,11.0,0.4,3.6,73.1
1.6,0.3,3.9,7.1,69.4
2.5,20.4,0.5,4.3,84.3
2.1,6.0,0.7,2.8,83.0
2.5,17.4,2.9,6.2,75.0
3.3,19.6,0.6,10.5,96.6
1.6,0.4,4.1,5.5,71.9
2.0,9.3,0.9,10.8,83.0
1.9,12.7,4.5,2.7,73.1
1.1,11.4,5.4,7.3,77.2
1.8,21.2,1.1,1.7,83.5
3.4,0.5,2.8,4.3,86.2
2.2,1.1,0.4,5.1,76.8
0.8,18.9,0.9,7.2,86.9
2.4,0.2,1.3,6.5,90.1
4.6,12.3,6.0,3.1,98.7
1.7,8.8,5.6,8.7,94.0
1.4,19.0,1.7,2.7,79.9
2.9,16.6,3.3,3.5,88.6
2.1,16.6,0.6,8.7,83.2
2.3,20.1,0.6,6.2,73.9
2.4,12.1,5.1,7.5,74.3
5.1,20.5,0.4,9.6,73.0
1.9,10.8,4.3,9.0,84.6
4.0,10.4,2.1,6.3,81.9
4.0,9.2,1.3,2.6,80.9
1.9,21.7,2.0,7.5,79.9
1.1,12.9,2.8,12.8,96.2
2.1,13.1,0.6,7.1,82.1
2.9,10.8,2.3,2.4,84.5
1.3,21.1,3.6,9.1,68.6
4.0,3.9,5.7,5.0,65.4
1.7,5.2,0.6,11.3,75.2
1.7,3.5,1.6,4.9,86.6
3.1,4.5,0.3,3.4,66.6
1.3,10.9,3.8,5.4,73.4
3.1,6.0,0.9,4.2,74.4
1.2,12.7,3.8,3.2,92.8
1.3,12.8,5.0,7.6,79.3
1.2,21.5,4.1,4.9,60.8
3.8,5.8,4.5,10.2,78.8
3.8,3.2,0.2,8.5,76.9
1.4,5.4,1.8,7.5,75.3
4.4,18.8,2.1,3.6,77.0
1.4,3.5,0.8,8.1,86.7
1.6,3.7,1.4,5.5,100.1
2.2,3.1,3.4,10.1,83.6
1.0,13.4,1.3,6.3,76.5
2.5,3.3,5.1,4.9,84.9
1.0,15.5,2.3,7.7,85.9
2.0,11.7,0.1,6.6,71.8
3.9,19.5,2.2,6.9,85.3
2.1,7.9,4.4,7.0,96.3
3.6,16.7,3.3,5.5,76.6
4.5,7.2,1.2,8.0,80.6
0.6,15.8,0.1,10.3,73.8
1.5,12.0,5.3,9.2,87.5
4.0,2.4,0.5,2.6,76.5
1.8,6.9,2.4,5.7,87.3
2.5,12.5,1.6,4.1,76.8
1.4,2.3,0.7,7.9,65.3
4.8,16.1,3.8,7.1,77.0
4.3,10.3,1.4,11.3,84.1
0.7,0.6,0.3,6.8,77.8
3.6,7.1,1.4,2.9,81.5
2.8,3.6,4.3,6.0,88.1
2.7,15.6,1.5,7.3,94.5
4.1,18.3,2.2,11.1,99.6
2.4,1.5,0.4,6.8,82.3
1.9,16.6,2.7,5.6,68.1
3.0,7.9,0.8,7.1,76.3
1.6,21.1,4.1,8.6,84.4
1.4,19.7,5.3,10.6,74.0
1.5,0.2,1.7,6.2,71.2
1.7,0.3,0.6,2.4,95.1
3.9,5.7,4.2,3.5,72.5
2.9,17.8,1.4,5.0,83.1
2.1,0.0,3.0,7.1,77.2
4.7,21.0,4.7,9.4,72.9
0.3,7.4,5.7,6.9,60.7
0.7,0.7,2.2,5.8,75.5
4.7,8.0,1.0,1.9,80.1
2.9,7.5,0.8,6.5,69.5
1.5,17.1,0.7,8.6,83.3
2.7,17.7,0.6,5.0,90.4
3.1,20.1,4.7,7.6,74.4
3.6,18.4,0.7,7.8,72.2
2.2,11.4,4.7,7.7,72.7
1.5,12.1,0.8,6.8,85.5
1.1,16.6,0.5,2.6,74.9
1.9,8.7,5.6,2.0,84.2
3.4,8.2,1.1,8.5,80.6
2.1,4.0,2.3,5.8,64.7
3.2,9.0,0.7,11.3,77.1
0.4,16.5,0.6,5.1,78.0
2.4,13.1,0.4,10.7,76.9
2.0,3.2,0.3,8.7,79.1
2.2,0.1,1.2,12.8,74.1
3.8,9.6,3.8,7.2,72.9
2.3,8.9,0.3,5.6,84.9
0.5,14.0,1.0,10.2,82.7
1.3,19.9,6.0,4.7,84.5
1.4,19.2,5.3,10.4,62.7
1.6,8.6,1.3,7.9,86.9
2.9,16.3,0.4,7.0,79.4
4.3,0.3,5.8,3.2,77.5
3.5,19.4,0.4,3.3,77.2
1.9,11.4,0.4,4.4,77.5
3.7,18.3,1.4,5.1,83.7
1.7,15.9,5.5,6.4,68.1
3.4,6.8,1.6,4.7,74.0
2.0,9.5,5.7,10.2,72.5
3.1,10.8,0.9,5.9,77.7
2.5,5.1,1.3,8.6,87.4
2.0,19.0,1.4,3.8,76.1
3.3,4.7,0.5,5.5,97.7
1.2,12.1,0.5,5.6,73.8
2.4,2.7,4.5,4.7,93.2
5.0,1.5,0.2,9.3,84.1
3.6,0.2,0.8,3.5,85.7
3.4,14.6,5.2,7.0,81.8
1.7,2.8,1.4,3.8,87.7
3.2,11.1,4.3,3.6,77.1
2.5,13.0,1.3,7.6,86.6
0.2,13.2,1.4,2.5,80.8
4.9,1.3,5.0,10.5,84.0
1.7,6.4,5.8,4.4,83.6
2.1,0.1,1.9,8.3,89.4
2.2,9.3,2.0,5.6,84.8
2.5,19.0,1.8,2.3,82.1
0.8,1.1,0.2,5.1,82.5
0.8,4.7,3.9,7.1,75.2
2.0,21.6,2.6,10.6,74.4
2.3,6.5,0.9,4.7,100.4
4.9,18.7,0.3,6.9,77.3
1.9,14.1,1.8,6.7,67.2
3.5,12.5,0.7,7.8,95.4
4.3,11.9,2.6,2.5,100.3
3.4,7.4,1.2,7.0,76.1
4.2,8.9,5.0,10.2,76.4
1.2,7.7,2.5,12.1,78.4
2.8,1.4,3.3,5.9,65.6
3.0,11.5,4.4,2.7,72.9
3.0,0.1,5.2,8.3,90.5
1.9,19.1,0.4,3.6,84.1
2.3,9.3,0.7,2.4,85.1
2.8,0.5,1.1,8.6,79.5
2.5,6.2,2.0,3.6,78.3
1.9,7.5,4.8,5.3,76.4
1.9,0.7,0.8,3.0,79.6
1.5,0.0,2.5,4.5,84.9
1.7,2.5,5.0,10.2,84.2
1.7,17.5,5.3,1.9,81.9
2.2,13.3,0.1,8.8,77.1
2.0,13.3,3.8,9.7,69.3
5.0,0.6,0.7,5.9,82.1
1.9,4.0,3.5,9.4,69.1
1.6,20.3,0.2,4.7,70.5
2.6,17.5,4.1,6.4,73.9
4.0,11.1,5.4,4.6,61.4
2.3,11.3,0.2,6.6,77.5
1.2,8.6,5.2,6.2,86.4
5.0,7.5,0.5,9.0,82.1
0.9,21.4,4.8,6.8,83.7
3.1,19.7,3.0,3.8,81.5
1.6,19.1,3.9,6.0,88.0
3.1,0.5,0.4,3.5,84.1
1.8,13.7,4.4,7.7,70.8
1.0,8.0,0.8,4.3,78.5
3.8,13.5,1.8,8.6,83.7
2.2,9.6,4.7,5.3,71.7
3.7,1.7,0.8,2.1,82.2
4.1,0.4,5.4,9.6,80.1
2.3,0.5,0.8,3.6,78.5
3.0,0.3,4.0,11.9,71.6
0.2,0.5,0.7,8.5,92.2
3.2,10.4,1.1,3.3,85.2
5.1,21.1,0.6,9.7,81.5
1.1,18.1,4.9,7.9,74.0
4.1,4.7,4.2,3.2,76.1
4.5,1.0,2.8,8.5,77.5
1.0,20.4,1.1,7.0,66.3
2.4,15.5,0.3,10.3,85.7
1.6,14.8,1.4,2.5,75.6
2.7,11.9,1.4,3.1,92.8
2.4,0.2,5.3,2.5,71.3
3.1,16.0,4.5,7.3,80.7
1.6,8.7,2.8,7.2,80.3
1.6,12.9,5.0,4.1,79.2
1.4,11.0,4.2,4.5,67.3
1.9,12.3,2.7,8.1,99.6
2.3,17.2,0.8,3.0,88.1
2.8,13.5,2.9,5.1,85.1
2.7,5.1,4.4,8.8,79.8
1.5,0.1,2.9,5.3,64.0
2.3,0.2,3.2,7.9,88.9
3.7,9.5,1.1,4.2,93.8
1.5,4.4,3.0,5.5,73.4
3.0,21.7,1.7,6.2,91.1
1.6,0.1,0.3,2.4,83.2
3.2,20.7,5.0,3.4,83.0
2.2,6.6,1.2,10.7,69.8
2.5,14.0,0.5,3.3,90.6
1.0,13.0,0.2,7.1,87.4
0.7,10.2,1.8,7.3,87.2
0.9,13.7,1.4,5.4,85.9
1.5,8.3,0.4,9.3,64.4
4.8,2.7,0.7,7.0,79.8
3.1,3.7,0.3,8.5,77.7
3.4,0.0,0.4,9.4,69.1
3.4,2.3,5.2,9.9,89.4
1.7,0.2,6.0,6.6,89.4
1.9,6.6,0.3,3.0,80.9
0.8,9.8,4.3,10.4,93.6
1.2,19.9,1.6,6.5,83.5
0.6,2.5,1.2,4.8,85.5
3.8,21.9,4.8,7.8,76.1
3.8,10.7,0.7,7.1,101.6
0.4,15.7,0.8,6.6,70.8
2.3,4.2,0.5,9.1,77.9
1.2,14.3,0.8,8.4,81.0
2.0,0.4,1.1,13.2,69.3
1.0,19.1,2.2,3.2,78.2
1.7,21.2,4.2,9.7,70.5
0.1,13.8,0.7,8.5,69.1
1.8,7.5,0.5,6.7,83.7
1.6,10.6,1.7,6.8,72.9
3.1,13.0,1.4,6.4,86.6
2.1,17.8,4.4,3.7,81.4
1.3,0.3,1.3,5.3,86.5
2.4,0.0,5.1,10.1,78.3
4.8,12.5,1.2,3.4,81.7
3.5,0.2,0.8,2.8,90.9
3.3,9.0,0.6,1.5,92.1
5.0,10.3,5.1,8.9,88.7
1.3,0.7,4.8,2.9,84.7
2.3,3.0,4.5,9.9,89.5
1.5,12.9,5.9,7.1,69.5
3.7,20.4,4.8,5.5,74.1
1.0,6.7,5.7,5.9,81.2
2.8,20.4,0.3,6.8,77.7
2.0,14.6,0.2,9.5,75.6
3.5,9.2,0.7,3.8,95.6
2.5,3.0,5.2,6.1,89.2
2.3,9.1,4.5,4.0,81.2
4.8,4.5,3.6,6.7,93.6
1.4,4.5,1.7,4.8,94.3
1.9,16.7,0.4,9.3,76.7
1.8,1.4,5.2,9.2,79.4
2.0,0.7,5.0,1.7,85.6
2.1,0.4,0.8,1.9,89.1
1.6,0.2,1.1,3.6,82.8
3.6,14.6,5.5,4.8,72.3
2.2,12.2,0.6,5.0,66.2
1.3,4.6,2.2,5.1,75.7
3.5,9.7,2.4,5.2,87.8
4.1,0.1,0.3,1.7,85.4
1.3,13.9,4.3,7.9,78.0
0.5,14.3,0.0,4.6,83.8
0.6,11.2,1.6,3.1,75.0
1.3,20.8,2.7,8.4,73.8
0.4,17.4,4.0,7.8,81.5
1.5,15.3,2.8,2.1,74.2
2.2,0.1,4.1,6.0,86.9
1.1,15.8,0.4,4.6,92.6
2.0,3.8,3.7,5.9,76.6
1.1,0.2,0.9,2.4,74.9
4.5,11.4,2.3,6.0,80.2
2.4,21.6,0.9,5.0,79.1
1.5,11.4,3.8,6.9,91.6
1.9,7.3,2.5,7.8,86.6
2.2,19.0,5.2,2.4,88.9
3.0,0.5,0.1,4.6,90.5
2.0,1.0,1.2,7.1,86.1
2.4,12.9,0.2,5.6,76.7
2.6,17.6,2.8,9.5,66.4
3.3,0.2,0.5,3.4,90.1
2.0,19.5,4.2,4.5,75.9
2.1,7.1,1.7,5.5,87.2
1.0,19.1,0.8,7.6,74.3
2.3,20.8,5.9,2.0,79.6
1.5,3.3,2.0,10.5,87.1
3.6,16.7,1.1,7.6,68.5
3.4,0.3,1.5,4.0,63.5
1.4,0.1,1.2,4.8,77.1
1.4,0.4,0.9,3.9,78.7
0.7,16.6,3.7,0.8,74.6
1.9,6.1,1.3,10.3,89.2
2.8,5.2,1.4,8.2,89.5
4.1,20.6,0.8,6.5,68.8
5.1,12.5,1.7,2.8,81.2
1.2,19.4,0.4,7.7,82.4
5.5,14.6,1.1,5.3,82.6
3.3,17.3,0.5,6.2,84.2
3.1,11.2,3.2,4.2,74.6
1.6,13.6,0.7,7.3,75.4
3.3,18.4,3.8,6.2,89.8
0.5,11.7,0.3,6.1,74.8
1.2,4.3,3.9,4.6,82.9
0.6,11.8,0.4,9.1,79.8
0.4,20.9,5.3,7.2,77.0
3.1,6.0,6.0,9.7,68.8
1.1,6.9,1.8,7.6,80.1
3.9,20.4,1.0,7.1,80.6
2.5,19.7,2.1,3.4,72.1
4.0,4.7,0.9,7.4,78.2
2.8,0.3,0.7,8.6,93.0
2.2,0.5,0.9,4.4,89.3
3.1,16.5,4.9,9.3,87.5
1.7,11.7,0.5,11.6,70.6
3.2,3.1,3.7,7.9,78.5
3.4,1.4,0.4,6.8,76.6
4.3,2.8,5.1,4.0,84.2
4.7,16.1,1.3,8.7,72.3
1.7,7.5,4.5,2.0,80.0
4.6,6.6,1.0,8.3,77.0
3.3,20.1,4.2,12.5,83.5
1.4,21.0,0.2,6.9,75.2
1.8,4.8,0.7,3.4,83.4
1.5,14.3,0.9,2.0,78.1
2.7,9.8,0.7,8.8,79.4
2.2,5.6,1.8,8.4,82.5
2.6,8.6,0.9,1.2,80.1
0.4,2.7,3.6,2.3,77.6
1.1,8.9,1.8,8.4,71.7
1.5,0.5,0.9,8.6,72.8
0.1,0.3,0.7,2.9,85.4
1.4,10.8,1.0,7.6,89.0
2.9,6.3,5.8,10.7,71.6
1.8,14.8,0.9,7.9,81.5
0.1,21.8,1.5,5.2,82.6
1.9,13.3,0.6,7.3,81.0
0.7,14.2,0.6,3.8,73.8
1.0,0.4,5.1,9.6,79.1
1.7,10.5,0.9,3.6,72.7
1.8,8.6,5.8,7.6,75.3
1.7,21.2,4.8,4.0,74.8
3.2,18.1,0.9,10.1,86.6
2.0,16.6,2.7,5.9,77.8
1.5,21.2,3.3,6.6,74.3
1.9,4.7,2.9,7.6,74.4
3.1,15.4,4.6,4.8,78.8
0.9,3.7,3.8,6.7,78.2
0.4,15.1,3.3,4.1,76.7
2.3,0.1,4.2,4.3,81.7
0.6,14.4,2.8,4.3,69.2
3.7,1.7,4.5,3.9,78.6
3.1,17.4,1.1,2.4,83.8
2.3,20.8,0.5,7.7,82.0
2.0,0.0,4.9,6.9,74.9
3.7,19.9,1.4,11.5,81.4
4.9,10.1,5.1,6.1,86.9
3.5,0.0,1.8,2.7,94.8
4.6,5.7,0.6,4.0,89.0
1.7,20.8,0.6,8.9,66.6
0.7,2.2,0.4,5.5,86.5
0.4,6.1,4.1,6.0,73.1
0.6,9.6,4.1,7.2,74.1
2.2,17.2,4.2,4.5,80.9
1.4,19.5,1.6,9.2,71.2
3.0,11.9,1.0,7.3,77.9
3.0,0.1,1.8,4.8,103.5
1.7,2.9,3.4,11.6,89.3
2.7,18.0,0.2,3.4,73.4
3.3,15.2,0.7,6.8,98.9
2.8,19.3,0.9,9.5,86.0
2.6,1.8,3.1,6.0,72.4
3.1,12.7,4.2,5.6,78.8
2.9,6.7,0.4,8.7,81.6
3.1,7.4,4.0,11.2,73.5
3.0,17.2,5.8,4.8,72.1
2.0,9.9,2.3,10.9,75.8
0.3,0.7,5.6,7.8,78.9
2.2,0.2,0.5,4.5,85.1
1.2,21.9,0.3,4.9,77.8
2.4,0.4,5.3,7.9,89.3
1.7,16.0,3.9,4.8,80.8
4.6,2.9,0.3,2.0,86.8
1.7,0.1,0.7,11.0,86.4
0.8,5.5,4.4,5.0,86.8
3.6,9.5,1.7,12.8,84.4
2.4,2.0,4.1,6.5,79.6
3.6,4.6,0.5,8.1,83.9
4.1,13.9,0.7,10.9,73.3
2.5,21.3,0.3,7.3,88.1
1.4,6.9,0.6,4.9,75.6
3.3,20.8,0.4,9.1,88.2
3.5,2.8,5.7,8.4,71.8
4.2,0.8,1.0,8.8,75.6
2.6,11.0,1.4,2.9,80.5
4.8,15.9,3.0,9.0,74.0
2.1,1.9,1.8,6.8,76.7
2.6,5.9,0.0,4.9,91.3
2.7,16.0,5.1,11.4,66.0
1.6,19.7,0.5,5.9,75.9
3.5,22.0,3.4,4.7,81.0
5.3,17.6,0.8,6.4,68.9
1.1,13.5,4.0,7.4,72.5
3.3,15.1,4.2,10.8,95.4
2.1,11.9,1.8,8.1,85.7
2.0,1.9,4.1,6.2,79.8
2.4,4.0,0.5,5.8,86.6
2.3,1.0,4.4,7.4,69.5
1.6,13.2,3.7,7.6,95.0
0.7,21.3,0.4,5.2,82.2
4.4,20.8,4.3,5.3,93.6
1.6,14.9,0.7,3.0,77.9
1.0,4.5,4.6,6.8,71.3
0.6,17.5,0.4,6.9,77.6
4.4,15.1,0.2,5.6,74.1
0.4,8.9,2.3,6.2,80.8
1.5,5.4,2.5,6.5,87.1
1.7,6.5,5.5,6.2,87.7
1.5,5.1,0.6,4.0,72.9
1.8,10.0,0.3,6.6,83.6
0.8,14.2,0.1,5.4,80.1
2.9,18.2,1.0,5.5,86.1
2.0,14.5,2.3,11.3,78.2
3.0,20.9,0.3,10.1,91.2
3.6,8.9,4.5,7.6,95.3
2.1,10.9,0.1,8.1,80.2
3.9,6.6,3.5,9.2,80.2
3.9,11.8,5.2,6.9,73.5
2.5,14.7,1.0,6.0,80.8
3.1,0.0,5.6,4.7,86.3
1.7,21.2,4.1,8.2,77.9
1.3,17.8,0.5,7.4,91.6
1.8,20.6,2.1,7.3,76.4
4.1,19.3,0.9,1.7,78.2
1.4,0.7,0.5,8.4,81.0
2.2,18.9,0.3,11.7,73.6
2.5,12.0,1.9,3.7,91.3
1.3,16.4,4.0,5.0,79.6
5.0,20.7,0.6,7.8,83.4
3.9,5.6,4.2,4.3,73.1
1.8,20.2,2.6,2.3,73.9
1.8,0.6,1.3,11.2,86.0
1.2,7.0,2.0,3.3,80.8
1.6,21.2,5.2,11.8,73.5
3.6,6.3,1.4,11.2,78.3
0.9,11.2,0.5,7.3,78.4
3.6,5.2,3.9,8.3,79.4
2.9,11.3,0.4,8.1,83.2
1.7,3.5,2.3,3.7,86.2
3.9,3.8,3.4,11.2,82.6
3.0,8.1,1.4,4.3,84.0
1.8,21.4,0.4,10.2,67.0
2.2,20.2,4.6,6.1,72.5
4.3,13.5,3.8,3.2,73.7
1.9,11.2,3.9,9.0,78.8
4.6,0.3,0.6,8.7,90.0
4.6,3.9,3.4,8.0,72.2
3.1,11.9,2.4,6.9,83.2
3.3,0.6,4.3,4.7,91.3
1.1,13.2,2.2,9.4,75.1
3.2,15.7,3.3,7.6,86.1
3.0,18.6,2.0,5.6,75.3
1.3,20.3,0.6,5.9,72.6
1.8,16.9,4.3,4.5,70.2
3.6,14.6,0.6,6.7,71.3
2.3,6.1,0.4,5.4,94.3
1.3,7.0,2.3,6.8,79.4
3.3,15.3,0.5,5.0,67.6
2.6,10.6,5.3,9.2,81.1
4.1,2.0,4.8,5.4,79.2
1.5,13.9,3.8,3.7,73.7
2.2,6.3,2.5,7.2,77.5
2.8,13.2,0.1,5.0,63.2
1.8,7.9,0.3,7.6,88.8
2.7,21.3,5.5,7.2,63.9
2.3,7.0,3.6,7.5,81.3
2.0,1.6,5.9,7.9,84.4
3.0,8.0,1.2,3.7,69.4
1.2,2.0,1.2,8.2,83.9
1.5,16.1,0.4,2.2,85.7
2.4,9.6,0.5,7.6,90.0
1.3,2.6,1.2,7.7,81.0
4.3,0.1,3.8,4.0,78.5
2.0,14.9,5.7,7.7,83.2
1.3,10.9,1.3,11.2,84.1
1.6,7.5,0.6,2.8,75.3
4.0,0.6,3.7,4.9,95.1
2.1,1.5,0.8,7.0,90.9
2.5,0.4,1.2,3.6,69.2
3.1,19.7,1.3,11.2,95.2
1.4,0.1,2.0,10.5,88.1
3.6,13.0,0.6,8.5,73.3
3.8,3.7,0.7,4.6,70.3
2.7,7.3,0.4,8.4,83.8
0.8,9.3,0.2,7.0,77.6
0.2,19.5,1.0,7.0,74.6
2.9,0.9,0.6,4.9,84.8
2.9,8.1,0.6,10.1,85.5
3.9,0.1,4.4,5.4,82.5
2.0,1.5,2.1,4.2,79.2
2.7,11.2,2.2,6.6,70.7
1.3,15.3,1.4,6.6,93.7
4.7,16.9,4.0,4.7,76.4
1.6,6.0,0.7,4.3,82.7
1.7,4.9,1.2,11.0,78.4
0.3,7.3,0.5,5.6,81.4
0.7,21.9,0.9,5.2,81.6
3.8,8.2,0.4,8.5,85.7
2.3,4.5,1.4,4.3,87.8
2.3,19.4,5.1,12.2,71.7
1.5,9.7,5.0,6.2,78.1
2.1,17.5,3.6,11.2,81.8
3.0,16.4,0.7,5.8,79.5
2.3,5.6,5.0,11.0,83.7
1.2,21.4,0.5,3.9,67.5
2.3,13.2,0.4,6.2,79.7
3.3,10.2,0.5,3.7,69.3
1.4,17.2,0.8,5.2,75.0
1.4,9.5,2.3,8.8,93.8
0.2,8.4,1.6,5.6,79.7
4.7,0.0,0.1,8.3,75.7
0.9,20.1,0.9,7.9,96.3
1.0,1.9,0.6,3.3,77.2
2.7,0.1,2.2,5.4,87.5
2.0,9.2,2.5,10.8,76.3
2.3,11.2,5.2,4.6,77.1
3.9,0.3,1.6,4.8,87.3
3.4,16.1,0.6,6.7,79.0
2.3,14.9,1.3,5.8,78.5
1.4,18.8,3.7,6.1,92.9
1.3,6.1,1.3,10.7,84.0
2.8,19.5,1.9,7.1,75.9
2.6,7.9,0.4,3.9,76.6
1.4,14.9,0.4,8.1,96.6
1.4,3.5,3.3,8.6,78.4
2.0,17.5,0.4,7.2,96.6
2.4,3.7,4.8,10.7,78.5
1.6,4.5,0.4,2.8,84.8
3.0,1.3,3.3,6.1,71.5
0.4,8.7,4.7,3.7,90.0
2.7,0.1,0.2,5.8,89.0
1.5,5.5,4.0,4.2,85.8
2.9,8.5,3.0,5.0,69.9
1.8,16.8,1.9,6.0,89.5
2.7,20.4,5.5,8.2,85.3
3.4,22.1,1.6,3.2,80.4
2.6,10.0,1.0,13.8,88.6
3.0,2.4,0.6,7.5,80.6
2.1,7.5,0.3,3.6,82.5
2.5,11.9,0.3,10.4,62.7
2.5,9.1,0.9,3.0,71.6
4.0,5.1,4.8,2.5,77.1
1.7,6.5,0.7,12.2,86.4
1.2,0.4,4.5,9.6,77.9
5.3,15.2,0.8,6.2,77.8
1.6,0.9,0.2,3.5,84.6
1.1,4.7,0.4,12.3,85.1
2.1,15.6,0.5,8.7,63.1
2.4,2.5,2.2,8.3,96.4
2.2,0.2,5.0,10.5,77.6
1.6,19.6,0.3,6.2,73.1
2.2,5.4,2.1,2.5,65.9
2.3,1.6,0.5,4.8,77.6
3.2,0.4,0.8,6.2,80.3
1.7,5.3,2.0,4.3,95.5
2.3,19.4,0.8,6.5,97.4
2.8,3.0,5.2,6.9,69.6
2.3,3.4,5.7,3.2,87.1
1.1,0.4,3.7,7.2,77.1
1.2,21.0,4.7,3.7,69.2
3.9,0.8,0.6,4.4,83.6
5.4,0.0,0.5,2.8,68.6
2.1,6.7,0.6,7.7,99.4
2.5,6.8,1.6,4.8,95.8
0.4,9.9,4.6,6.7,74.9
2.5,3.0,1.4,4.9,91.1
4.5,2.4,0.2,6.7,86.8
1.5,15.6,1.7,5.0,72.2
1.4,0.1,0.6,5.6,91.7
2.4,2.8,0.3,6.7,67.9
3.0,5.5,0.4,10.9,79.0
2.1,11.8,0.3,6.6,86.8
1.7,10.1,0.4,2.6,63.8
4.5,0.0,0.7,4.5,92.2
1.3,0.3,5.0,4.3,77.5
1.8,6.7,0.3,1.0,80.5
2.5,13.1,4.7,0.9,80.8
3.3,0.5,1.0,4.7,85.8
2.7,21.9,0.5,8.4,65.6
1.5,0.0,1.2,7.4,77.3
0.5,18.0,3.8,8.3,74.7
2.3,0.2,5.1,5.3,99.2
1.6,9.5,0.6,7.8,76.8
0.1,0.1,6.0,3.6,84.3
2.3,10.4,1.5,4.7,77.1
0.3,6.0,4.8,5.4,87.9
3.4,1.9,0.3,10.1,73.0
0.1,19.0,4.8,4.7,83.4
2.5,6.6,0.9,3.7,73.6
2.4,19.5,1.0,9.2,80.0
1.5,15.3,0.5,2.1,71.7
2.4,0.1,1.1,6.6,79.4
2.2,0.6,1.7,9.7,81.7
2.3,0.3,1.2,10.1,89.1
0.2,13.6,4.6,4.5,83.4
4.2,17.6,0.6,8.4,75.9
3.5,17.1,4.0,8.4,64.2
1.0,2.9,1.6,8.3,73.6
2.0,13.3,3.0,6.8,73.3
1.9,2.3,0.3,13.7,66.3
2.5,5.9,2.2,8.4,63.2
0.8,8.7,0.8,6.1,66.5
1.0,7.1,5.8,12.9,82.2
1.7,17.2,2.6,3.9,71.1
1.7,2.3,0.1,9.9,77.1
2.2,13.2,0.1,2.9,76.5
4.2,18.8,1.2,2.2,82.5
3.0,5.5,1.9,5.6,72.1
2.8,15.5,0.3,9.3,79.0
0.8,21.7,0.6,9.5,74.3
2.9,1.1,1.9,9.1,76.9
1.5,14.3,1.1,7.5,83.9
1.4,9.9,0.1,3.7,74.0
2.0,8.9,2.3,3.8,80.5
3.5,0.1,0.7,7.2,82.7
3.4,12.3,0.5,3.8,80.3
2.2,0.5,4.5,4.7,89.8
3.6,15.0,0.2,1.0,-1.0
2.3,17.1,0.4,4.3,89.3
1.2,0.2,1.2,4.6,82.7
1.8,6.0,0.9,4.6,91.6
2.7,21.2,2.1,6.9,80.8
1.2,0.7,0.2,8.5,99.8
1.6,17.0,4.6,11.5,80.2
1.7,14.8,0.8,5.0,89.3
2.5,0.2,0.3,7.1,87.8
2.1,16.1,0.4,9.7,79.2
5.1,6.1,0.5,11.6,88.8
5.4,14.3,3.3,5.9,84.5
1.5,0.1,5.2,11.0,90.4
2.3,15.6,5.7,4.0,73.9
1.6,13.2,0.7,7.1,86.7
4.1,11.9,4.5,3.5,82.9
2.3,15.0,0.3,8.1,79.7
1.4,10.0,4.0,5.3,74.2
2.1,20.7,0.8,11.2,78.7
1.6,6.3,1.2,9.6,80.8
2.8,1.8,0.9,5.1,78.1
3.4,20.5,0.5,8.2,79.4
1.4,20.0,4.7,8.6,79.9
1.3,0.3,2.3,9.4,82.3
1.4,3.5,4.1,3.7,85.5
1.8,1.2,1.3,5.0,78.2
3.9,17.1,1.7,13.2,81.9
2.2,3.9,0.6,4.3,76.6
3.2,12.9,1.0,9.0,70.4
4.8,11.0,4.5,6.1,84.5
1.7,15.3,0.4,8.1,74.5
3.5,11.6,2.3,4.8,80.5
4.3,12.6,3.1,7.9,72.9
4.2,1.7,1.2,9.9,95.6
1.7,14.0,0.2,6.1,79.3
1.7,19.4,0.7,7.2,81.9
2.9,4.4,3.6,7.8,79.6
4.5,4.4,0.3,10.0,83.3
1.5,21.7,1.3,7.7,72.8
1.8,16.2,1.3,2.5,98.9
1.1,19.5,5.4,6.2,69.9
3.5,0.0,0.0,3.7,84.8
2.3,4.5,1.3,6.1,69.2
1.7,0.7,2.4,5.5,76.7
0.1,19.9,5.9,4.5,62.0
0.5,0.2,0.4,2.9,83.3
2.6,3.6,2.1,6.8,79.9
2.1,4.7,1.4,8.4,80.2
0.7,6.3,3.1,3.0,88.1
1.8,0.3,0.5,5.8,79.7
1.3,19.6,4.6,8.1,78.6
0.7,11.5,0.5,6.0,63.2
1.7,15.7,1.1,10.7,73.8
2.6,0.3,1.6,6.0,88.0
2.8,11.2,5.3,4.5,90.6
1.4,6.7,1.2,2.5,73.6
1.7,2.3,1.3,9.8,79.4
2.4,14.5,0.8,4.3,94.0
1.4,2.5,1.1,10.6,88.2
2.6,6.8,3.8,8.7,82.2
4.4,18.3,0.8,3.4,61.0
2.3,20.9,0.7,6.3,86.8
1.9,0.3,2.7,8.2,74.6
3.6,7.9,2.4,5.2,77.8
2.8,21.8,0.3,3.3,77.1
3.6,1.1,0.3,3.6,80.9
1.7,14.4,5.1,4.7,78.5
1.8,4.1,0.3,2.6,76.2
2.5,11.9,0.9,9.9,79.4
1.7,15.3,3.9,3.0,68.7
1.9,0.4,4.2,4.0,99.9
2.7,0.1,5.0,6.2,80.3
2.1,10.6,1.9,9.2,80.7
1.7,16.1,3.8,5.9,74.6
2.8,10.8,4.7,3.8,97.1
1.5,11.4,0.4,7.5,89.8
2.4,12.6,4.7,8.7,72.0
1.4,18.4,0.2,5.4,75.1
2.2,22.1,4.0,8.7,74.4
3.9,1.1,0.3,10.7,68.0
0.6,7.7,0.9,6.3,77.5
2.0,13.2,3.5,5.1,73.4
3.8,0.6,4.8,11.9,87.4
3.1,0.7,0.9,5.9,78.7
1.5,0.1,5.8,7.3,72.2
2.3,0.6,5.4,3.9,78.0
2.0,21.6,0.1,11.6,63.8
1.4,8.5,2.3,4.3,70.1
1.2,4.0,0.9,9.9,86.7
1.0,20.2,5.2,3.3,72.6
3.2,9.4,4.5,5.5,83.7
1.4,14.9,0.7,11.4,82.9
4.3,5.1,0.6,3.2,75.5
1.7,17.7,3.2,3.4,67.2
1.2,5.4,2.2,9.2,76.6
3.9,1.7,0.4,6.2,84.8
1.9,14.2,0.5,7.6,88.4
2.1,0.3,3.1,2.8,76.6
3.9,17.5,1.1,5.9,68.8
1.6,0.6,4.0,8.9,92.7
2.6,19.7,0.2,2.6,79.4
3.1,0.6,5.8,13.5,78.5
3.3,0.1,0.3,4.7,93.5
2.0,0.7,0.4,6.1,75.3
3.2,10.5,1.7,8.9,71.9
1.7,0.1,0.4,5.8,80.4
3.1,17.8,1.6,4.8,73.6
2.7,0.1,2.7,4.0,85.0
1.3,19.5,3.1,4.2,79.6
1.9,2.2,0.9,7.2,73.1
2.1,2.0,5.2,0.8,90.2
2.1,8.3,0.7,2.2,81.9
1.1,0.1,0.6,8.1,88.2
2.6,6.5,0.5,4.5,86.7
1.4,18.6,3.9,8.6,73.7
2.0,4.5,5.6,5.8,82.1
3.3,21.4,0.6,7.1,75.9
4.7,5.6,1.0,8.3,85.9
1.9,3.8,6.0,2.2,79.5
2.5,0.4,5.9,11.4,66.2
2.8,0.2,2.0,2.1,98.3
0.4,11.3,1.9,3.4,79.8
4.5,16.1,0.3,7.6,79.4
3.0,14.8,1.3,4.0,100.4
2.5,20.9,0.7,11.2,69.3
2.5,13.1,2.3,11.8,76.2
1.1,15.9,1.6,1.7,87.1
2.4,0.4,5.1,3.8,83.2
4.2,8.2,2.5,6.9,79.7
1.7,16.1,0.5,6.4,81.6
5.0,11.5,3.9,4.9,74.8
2.0,19.8,0.6,13.3,91.9
4.2,19.6,0.5,7.1,84.2
1.9,17.2,1.6,4.2,76.3
0.8,9.6,0.5,7.0,79.1
0.7,19.1,5.4,0.8,69.3
0.8,9.3,1.7,3.4,81.9
0.6,14.1,0.6,11.6,77.3
2.9,3.2,3.3,9.3,83.0
1.7,10.0,3.1,5.7,78.8
4.1,4.9,4.4,3.8,100.1
2.0,20.7,4.3,9.6,73.1
1.9,0.1,0.4,8.1,81.6
1.5,0.4,0.6,4.9,81.4
3.7,5.1,1.2,4.0,80.4
3.3,3.2,0.7,6.8,76.1
0.4,15.9,5.6,7.4,78.5
3.6,5.8,0.5,8.7,84.4
1.0,20.7,3.5,4.8,87.5
1.6,7.0,0.6,4.6,70.8
2.7,21.4,0.5,4.5,84.5
2.1,16.7,5.8,10.2,84.7
1.5,21.5,0.2,4.5,78.8
0.7,14.0,5.3,11.3,74.0
1.5,0.3,5.9,6.1,69.4
5.1,18.2,4.2,6.7,78.7
3.1,0.4,0.5,5.8,80.8
5.0,3.8,5.0,2.4,78.7
2.7,19.6,4.3,6.1,62.8
4.7,2.3,0.1,10.5,81.3
3.0,13.1,3.4,12.3,85.8
2.1,14.5,1.4,7.9,85.5
0.8,0.5,0.4,7.5,84.8
3.4,13.1,1.7,2.1,80.5
3.6,1.5,1.0,5.5,71.7
1.2,0.0,0.7,6.1,86.8
2.1,19.2,0.8,3.0,71.3
5.1,2.4,0.4,9.8,90.5
2.0,21.4,1.2,8.0,68.4
3.0,10.8,0.7,3.8,88.2
0.9,9.9,0.2,7.4,77.7
2.2,21.6,4.1,8.7,68.1
3.4,0.1,1.1,1.9,93.5
1.7,16.9,0.4,2.6,75.5
3.3,13.6,3.2,6.7,60.9
1.5,7.2,5.5,3.4,76.6
4.6,19.9,0.3,9.7,87.1
1.6,0.4,0.9,9.2,94.7
2.8,4.2,5.2,4.3,82.4
2.7,9.6,1.6,7.9,77.4
2.3,14.1,5.1,3.0,72.9
1.6,1.0,3.0,12.0,79.7
3.1,7.2,6.0,3.6,83.6
1.2,3.4,1.9,6.7,77.7
4.9,1.3,1.8,8.4,79.0
0.9,14.2,5.4,5.3,81.4
5.1,20.8,0.5,2.8,89.4
4.1,11.4,2.4,5.5,84.3
1.6,16.0,4.9,5.9,65.7
1.6,15.3,0.5,6.3,80.9
5.2,4.0,4.9,5.5,88.7
1.6,10.4,0.4,7.4,71.6
3.0,19.2,4.4,12.5,82.2
2.4,0.4,5.5,0.8,79.9
2.1,0.4,0.1,4.3,94.9
4.2,12.7,0.7,5.3,73.9
2.4,3.2,1.9,2.3,81.0
1.6,14.8,2.8,5.3,74.7
3.4,9.1,0.0,3.5,87.5
1.5,1.5,5.5,1.9,95.2
2.3,11.1,0.6,4.0,84.9
2.0,18.0,0.7,3.4,75.8
2.8,6.2,0.3,8.4,84.2
0.9,17.5,1.8,3.1,63.3
0.7,9.7,0.5,4.1,81.6
1.1,17.6,0.2,3.7,64.7
1.4,4.4,0.1,4.5,78.3
2.1,4.2,0.8,6.2,94.4
2.9,9.6,3.5,1.9,83.4
1.2,4.5,5.1,10.6,79.5
2.3,11.6,2.0,3.2,83.0
5.3,8.8,0.3,11.4,74.4
1.4,6.0,1.6,5.0,100.2
4.3,16.6,0.3,4.7,91.8
1.5,10.6,0.8,4.1,83.9
3.9,11.1,4.6,3.7,98.5
1.4,11.0,0.4,5.3,95.4
2.0,0.4,2.1,2.4,80.5
3.5,5.9,4.6,3.7,71.3
2.3,3.3,0.1,3.8,78.4
1.9,6.1,0.4,8.0,76.7
1.7,12.6,4.1,8.9,90.4
1.2,12.1,1.3,0.8,72.8
2.1,0.5,4.1,8.0,68.2
4.2,7.7,3.7,10.4,91.0
2.0,1.1,0.4,5.4,81.3
4.6,5.7,0.2,9.9,93.0
2.2,5.2,3.8,7.2,83.3
3.8,15.2,0.8,10.5,74.7
2.4,20.3,0.8,8.0,90.2
2.6,5.9,2.0,0.9,85.3
2.0,15.8,0.3,11.4,75.1
3.5,0.2,0.7,7.1,78.3
3.5,1.8,0.2,12.2,77.3
5.0,7.5,1.7,3.5,81.3
3.7,8.8,2.5,10.1,65.5
4.8,10.6,0.7,6.2,88.7
2.7,19.8,2.0,7.4,79.5
2.6,19.4,1.6,13.5,71.1
1.5,18.9,0.2,5.4,72.0
1.4,6.0,0.7,1.7,79.8
4.6,0.3,1.4,13.8,74.1
0.7,5.4,4.3,11.9,75.0
2.9,0.6,0.9,6.2,91.3
3.7,4.3,5.3,3.9,81.8
0.9,7.0,0.3,10.4,78.9
4.7,12.1,3.9,3.5,82.2
0.9,0.2,0.7,3.9,79.0
1.5,8.8,1.1,5.6,84.4
2.7,11.6,1.9,13.4,84.9
0.9,16.7,0.7,4.9,76.6
0.3,20.9,3.4,10.4,95.2
2.7,8.9,0.5,11.9,77.2
2.9,15.7,0.5,13.3,62.2
2.4,11.0,0.5,9.8,96.5
1.1,8.5,1.6,2.0,73.8
4.9,19.4,0.2,6.0,77.5
1.5,5.1,1.3,6.1,83.3
0.7,21.3,5.2,8.6,79.5
2.2,6.9,4.2,4.2,73.3
4.2,14.6,0.5,6.0,79.5
2.1,6.2,2.0,10.3,84.2
1.9,17.6,0.4,3.8,93.2
2.0,13.3,5.2,2.0,76.9
1.5,19.9,6.0,7.1,78.7
1.1,0.3,2.2,8.9,81.5
2.3,7.3,2.9,9.7,72.6
2.8,4.7,0.1,8.2,75.4
1.6,0.8,4.4,4.3,79.7
3.3,14.9,3.3,6.9,78.5
1.6,16.3,4.3,6.7,76.8
1.4,0.0,1.0,10.9,81.3
1.1,6.9,2.7,4.5,88.5
3.4,0.9,1.3,2.7,66.8
1.6,5.6,2.5,3.8,78.2
2.1,13.7,0.5,10.6,83.2
1.3,2.1,0.4,7.6,81.3
3.9,14.7,0.4,3.5,98.6
1.7,5.7,3.5,6.7,85.4
0.4,12.7,5.9,11.1,68.2
2.5,0.7,4.4,6.8,83.5
1.5,17.6,1.7,10.2,78.5
1.4,17.4,1.6,4.3,80.5
4.0,16.7,2.2,8.1,82.4
3.9,2.9,4.7,5.9,83.1
3.9,7.1,2.0,11.8,83.0
1.5,0.3,4.4,7.8,76.5
2.5,2.8,3.7,4.7,99.5
0.9,12.1,1.2,7.6,79.0
0.9,6.5,6.0,2.9,76.3
1.7,21.1,5.2,3.7,83.6
1.0,2.8,0.7,5.1,84.1
3.2,14.8,2.6,5.6,86.6
1.1,21.5,0.9,5.6,57.0
4.8,17.7,4.6,5.8,74.7
2.3,0.3,5.0,4.4,82.2
0.6,6.7,1.8,6.7,76.1
4.3,19.4,4.2,5.0,85.5
5.2,19.8,1.6,6.4,84.3
1.3,13.7,4.2,4.0,74.8
4.5,17.9,5.0,6.9,75.0
3.3,12.0,2.1,8.7,71.4
3.7,7.7,5.4,2.1,89.0
1.9,8.6,2.3,1.0,89.6
2.0,14.3,4.7,4.2,76.2
1.1,1.0,3.5,5.5,65.0
4.8,8.7,1.6,3.1,70.1
1.8,20.0,0.4,6.0,70.3
0.7,18.1,3.9,4.6,79.0
1.7,1.4,0.7,6.8,87.0
1.8,10.8,1.9,4.5,78.2
2.5,13.3,4.3,12.0,72.3
1.3,11.4,5.5,6.0,75.4
2.7,0.4,4.3,7.8,85.4
2.6,4.6,0.2,4.7,88.5
1.1,11.4,5.1,1.6,89.8
2.2,13.3,0.8,8.5,74.0
2.3,15.0,4.5,4.7,85.0
2.4,1.1,1.1,10.1,71.8
1.4,5.7,4.7,7.8,71.2
1.0,7.3,2.8,11.0,83.4
1.0,20.6,4.9,7.0,71.7
1.9,10.1,1.7,3.9,66.2
4.5,14.9,1.1,4.7,91.8
3.5,4.0,4.7,9.3,77.2
1.5,0.8,1.3,5.3,81.3
3.3,14.2,5.2,2.7,73.4
1.8,18.4,1.0,3.9,80.1
2.6,20.5,4.0,6.1,78.3
2.2,0.7,1.8,7.5,86.0
1.0,5.8,0.5,6.4,75.0
1.9,17.3,1.3,12.2,91.7
4.3,5.7,0.5,6.1,77.3
1.6,2.6,6.0,7.6,84.2
2.3,16.3,1.8,5.5,77.5
3.8,1.1,1.0,7.1,87.0
1.7,2.1,3.9,10.7,80.7
4.4,0.3,0.2,8.7,100.0
1.9,17.7,0.9,5.9,84.4
2.5,9.3,4.3,6.5,75.8
4.6,9.1,0.6,7.9,77.2
0.7,21.7,0.5,11.8,74.9
1.5,18.2,2.0,4.0,67.3
3.2,9.8,1.7,6.7,77.5
1.4,15.6,4.6,3.2,68.9
2.5,14.2,2.2,6.1,85.5
1.3,14.1,0.6,8.4,71.0
0.5,20.5,0.7,4.9,78.3
1.4,17.4,0.5,8.4,67.0
3.7,21.1,3.2,10.5,66.6
2.2,16.0,2.3,2.6,70.9
0.3,9.0,3.0,13.6,72.5
2.7,3.1,3.5,8.3,77.7
2.0,0.3,0.9,5.5,79.2
0.1,0.1,0.8,3.4,83.3
2.9,21.8,1.4,3.4,85.0
2.1,14.3,5.9,5.4,82.6
5.2,4.0,4.0,10.9,98.4
1.5,5.3,0.5,5.5,96.4
1.6,8.6,2.1,3.3,98.2
1.3,4.8,4.6,7.6,81.6
1.8,18.0,0.5,5.9,63.4
3.0,2.9,0.4,3.2,90.0
2.8,4.0,0.3,5.4,78.7
1.6,6.9,5.0,8.6,87.5
3.0,11.2,4.2,2.7,90.3
3.4,3.3,4.3,9.7,80.9
2.4,16.4,0.1,9.2,75.7
1.3,4.4,0.6,10.8,84.2
2.2,5.7,0.3,6.1,84.3
1.2,13.6,3.1,6.7,73.7
1.6,10.8,0.4,7.4,72.1
0.8,15.4,1.2,2.7,78.9
3.3,19.3,3.2,6.4,63.6
3.5,12.7,0.1,4.9,81.0
5.1,12.0,5.7,6.5,76.9
2.0,15.8,0.6,6.7,67.7
1.5,21.5,5.9,5.2,71.5
1.8,0.3,0.6,3.2,95.3
3.0,8.6,2.1,5.5,84.5
2.9,17.2,1.9,8.6,57.0
3.8,20.4,4.7,7.1,75.5
2.9,11.5,2.3,4.3,75.3
0.3,0.2,5.4,8.4,87.8
2.1,8.5,4.1,12.0,65.6
2.4,2.9,4.7,7.7,94.9
1.7,6.5,1.0,3.5,84.3
1.3,0.8,2.3,5.4,85.9
2.9,14.7,5.1,10.9,81.1
1.5,10.9,1.3,4.5,72.1
1.3,21.6,5.8,7.2,71.2
3.1,0.1,3.6,5.3,89.8
2.5,20.9,4.6,5.8,77.8
3.3,20.2,3.2,8.6,75.3
3.5,5.4,3.9,10.1,87.2
3.2,12.1,1.0,9.7,84.3
4.3,1.1,1.0,10.0,81.7
4.7,0.9,2.0,5.2,86.4
3.9,15.5,4.2,6.0,92.9
1.9,14.6,4.8,3.8,75.7
3.8,13.9,4.3,11.1,66.4
4.0,15.6,2.3,5.9,76.2
3.6,18.5,0.4,6.9,80.6
1.1,2.1,2.1,4.2,82.8
3.9,9.8,0.3,6.8,64.2
1.3,4.8,5.7,5.1,66.0
0.8,20.4,4.2,6.7,76.1
2.7,1.1,1.1,6.9,80.8
1.8,19.1,2.3,8.3,84.9
3.1,2.0,0.9,8.0,83.5
3.1,0.5,0.3,6.9,81.9
5.1,13.7,5.4,5.8,76.9
4.6,20.8,2.1,4.9,84.3
1.8,6.7,3.4,5.6,70.2
1.9,19.7,0.5,4.7,86.8
3.0,16.4,0.4,4.6,92.3
2.0,21.1,0.7,5.3,76.1
1.0,20.9,3.8,7.7,73.7
2.2,22.0,4.2,3.9,80.0
1.5,2.5,1.3,5.9,83.7
2.8,19.4,1.3,5.2,81.8
1.6,17.0,5.7,7.7,72.2
1.5,6.0,5.1,3.7,82.2
2.0,5.2,1.8,12.0,80.2
3.5,8.7,4.3,2.8,75.2
3.0,18.2,1.4,1.1,74.2
3.2,14.9,3.7,4.3,79.1
2.5,8.7,2.3,7.6,68.5
2.4,2.4,2.0,2.7,86.4
0.6,16.4,4.5,3.0,66.2
2.4,4.7,1.4,3.7,66.9
2.2,12.8,4.8,5.1,78.6
1.3,0.1,0.5,10.2,76.3
4.7,7.7,0.4,8.9,102.4
2.0,14.0,4.3,3.3,74.4
0.2,12.4,3.1,4.4,84.5
3.1,0.1,3.8,7.2,98.4
2.3,0.8,2.5,8.3,87.9
2.9,16.0,3.5,3.4,78.6
1.7,10.0,4.7,3.9,80.5
2.0,20.3,5.1,7.7,80.4
2.6,14.1,0.1,8.0,90.0
2.3,2.3,4.8,9.4,88.5
2.3,20.6,2.9,7.8,78.7
2.2,19.3,2.7,6.0,81.9
3.3,3.6,0.4,9.6,87.0
3.1,21.9,0.6,7.8,78.1
5.4,8.1,0.6,4.7,79.4
2.0,16.5,2.2,6.0,76.3
1.6,20.8,0.3,5.5,85.1
1.5,18.6,5.6,2.3,82.9
2.1,0.2,0.4,4.1,86.5
4.1,1.3,1.3,0.9,82.5
1.0,16.3,0.3,5.9,79.4
3.6,0.1,0.4,4.9,84.5
2.6,3.2,0.8,5.3,94.2
1.8,15.8,1.1,4.5,72.7
3.8,11.6,0.6,2.2,78.7
1.7,21.2,0.3,3.2,80.5
1.5,20.3,1.6,9.1,70.3
1.6,7.7,5.9,7.8,91.4
3.7,2.1,0.5,6.4,90.3
2.2,15.4,4.8,8.2,76.1
1.5,2.5,3.9,10.1,81.6
2.3,21.0,5.6,6.0,75.1
0.2,2.3,0.8,5.3,76.7
1.7,7.0,4.7,5.0,78.4
1.9,0.1,4.5,3.2,70.1
1.1,10.4,3.7,6.0,62.4
1.8,14.1,0.3,8.0,70.5
4.3,9.7,3.6,11.1,76.4
4.7,15.6,1.2,9.1,99.4
2.2,22.0,0.5,2.3,83.1
2.3,7.8,0.7,5.0,74.7
3.3,16.7,0.6,2.8,75.5
3.0,21.5,3.6,9.8,70.6
2.9,8.7,0.3,9.6,88.5
1.7,0.9,0.6,10.0,72.4
2.7,14.4,1.5,5.5,99.7
2.7,16.4,0.5,5.9,87.9
1.7,12.2,2.1,6.3,69.1
1.2,14.3,5.5,6.7,75.8
1.2,16.5,4.4,4.2,79.0
2.9,20.4,0.9,6.4,73.2
1.3,0.2,1.7,8.3,97.6
1.9,19.7,2.0,2.9,77.4
0.5,1.3,0.9,7.0,73.4
2.9,8.7,5.1,8.1,76.9
1.8,5.8,6.0,2.7,86.7
3.0,0.2,0.8,5.9,101.2
1.4,17.0,0.3,6.1,65.7
3.3,16.3,0.8,7.7,90.8
2.3,2.4,2.1,8.6,80.2
2.9,4.5,0.3,7.7,92.1
0.9,4.4,0.8,4.2,87.0
1.6,14.0,1.7,4.6,87.2
2.2,16.0,0.2,3.7,94.4
2.5,13.4,1.7,5.5,77.2
2.6,21.3,0.8,7.2,70.1
1.6,18.3,1.3,10.0,78.9
1.5,0.9,3.6,5.7,85.7
3.6,1.5,0.5,3.6,87.9
0.1,5.8,4.1,5.8,96.7
1.4,9.3,3.9,3.4,93.9
2.2,18.7,2.4,3.5,69.7
3.3,7.9,1.3,9.3,99.8
3.1,0.7,0.5,5.3,102.3
3.0,7.9,0.3,4.8,86.5
1.8,8.7,2.1,4.6,90.3
2.4,14.0,3.2,8.5,74.8
2.9,6.2,0.2,9.4,79.6
1.4,11.1,0.5,8.2,82.1
3.0,3.4,5.9,5.0,77.7
3.3,12.9,4.0,7.2,64.0
2.1,12.9,0.4,6.2,72.9
3.3,8.0,1.3,8.1,84.5
2.6,3.0,5.0,8.2,96.4
1.6,15.4,4.4,2.8,59.6
3.0,5.5,0.5,7.5,82.0
2.4,4.4,4.0,12.1,88.0
1.6,14.4,0.8,3.5,78.1
2.8,7.7,4.1,5.6,79.8
4.9,8.3,0.6,2.1,67.0
1.1,1.0,1.4,6.9,84.9
3.1,0.1,0.8,9.1,82.4
1.9,8.7,5.6,5.2,78.2
2.3,14.4,4.4,2.3,75.1
2.6,8.2,0.4,3.2,74.2
2.8,15.8,0.3,5.2,91.1
2.7,16.0,5.6,6.9,79.1
1.8,4.8,2.1,4.0,91.3
4.1,17.6,0.4,9.1,85.7
2.9,15.8,2.9,8.7,75.8
4.3,22.0,1.8,10.3,83.4
1.4,0.6,1.5,11.5,83.3
1.3,8.9,0.7,12.1,88.3
4.2,11.7,2.7,7.3,84.8
1.4,9.1,4.8,12.6,89.1
1.9,14.2,0.8,10.9,86.3
2.8,1.3,0.5,8.0,82.7
4.9,4.5,0.4,9.7,90.4
2.7,6.3,0.8,8.7,80.5
2.0,3.9,2.4,5.6,86.2
1.9,5.4,5.9,4.7,76.7
2.5,0.2,1.3,6.9,75.4
0.7,8.7,0.5,8.6,81.8
1.3,16.6,0.4,13.6,80.0
1.3,13.6,1.0,8.8,80.3
1.5,12.8,5.3,7.0,75.2
5.3,8.3,1.3,5.1,84.8
3.6,18.1,5.0,8.0,93.8
1.6,12.7,3.0,11.8,77.1
3.7,6.0,0.4,1.6,76.8
1.6,20.6,2.1,9.0,70.7
2.7,10.6,4.2,3.0,84.8
3.6,7.1,1.7,7.8,73.7
1.5,10.4,2.1,6.1,81.6
3.7,8.3,0.3,8.9,83.7
1.5,15.6,0.7,12.3,82.7
2.7,21.5,4.4,13.1,83.9
2.0,3.9,3.9,2.8,87.3
2.6,1.0,0.5,8.2,83.6
2.7,15.1,4.8,9.0,79.7
3.4,22.0,0.7,4.7,76.8
4.5,20.4,0.2,3.4,80.3
1.2,19.7,3.2,10.1,75.6
1.9,2.8,4.0,10.4,83.9
2.2,6.4,0.4,4.3,75.1
2.7,0.2,0.9,4.3,82.2
5.3,16.7,2.0,2.8,77.1
1.3,1.9,0.2,10.0,90.6
4.4,0.3,5.2,1.3,72.7
4.8,8.9,3.6,11.1,79.8
3.0,19.1,4.2,3.5,77.3
2.5,8.8,3.9,2.3,95.5
1.9,5.1,0.2,7.9,83.0
2.0,11.0,0.9,5.9,85.2
1.1,14.0,0.8,4.1,82.0
2.3,10.0,1.3,5.9,74.4
1.6,9.7,5.2,3.6,74.7
0.7,18.8,0.4,1.4,73.5
2.3,21.6,1.1,7.3,75.8
3.1,5.7,0.6,3.8,73.2
3.9,18.0,4.2,3.0,79.5
1.7,21.7,1.9,13.0,96.0
3.9,7.9,1.1,9.4,76.4
4.0,13.9,3.9,6.8,78.5
1.9,4.1,2.2,11.2,83.6
1.8,10.6,4.7,9.7,89.7
0.4,3.1,0.7,7.5,92.2
1.0,0.3,0.5,3.1,77.7
1.9,17.0,0.9,7.9,68.3
3.6,3.9,4.7,5.4,77.9
1.4,17.9,0.6,5.6,93.8
3.4,19.4,0.7,2.3,81.4
3.3,5.0,0.9,8.9,77.7
3.5,15.8,0.6,10.5,87.1
3.1,13.1,0.4,10.3,75.0
2.0,21.2,1.2,6.7,79.0
0.8,8.1,0.5,5.8,72.2
2.7,10.3,1.5,10.9,96.3
0.4,0.1,0.6,4.6,75.3
2.9,6.5,5.8,3.0,74.1
1.8,8.5,2.3,7.9,63.9
4.5,20.3,2.6,2.9,89.6
3.5,19.3,0.6,4.8,73.8
4.6,6.8,1.7,8.5,76.5
1.3,13.0,5.2,11.2,73.4
3.6,11.7,1.6,8.5,82.9
3.6,0.1,4.1,5.6,86.8
3.5,18.6,4.4,8.1,74.1
1.7,0.5,0.7,8.0,77.7
2.4,3.0,0.4,3.8,85.6
3.7,6.2,4.6,10.7,84.8
2.1,0.1,2.1,9.3,77.2
1.7,6.2,4.0,5.7,85.3
2.0,19.7,1.9,2.9,73.3
3.2,22.1,1.5,3.1,63.9
2.1,20.8,0.3,6.2,91.8
1.8,7.6,4.5,5.4,85.4
1.2,11.8,1.3,3.1,85.9
2.7,1.9,0.2,8.0,72.7
1.5,20.8,1.0,10.3,77.1
1.2,0.8,1.0,10.8,87.1
2.4,20.8,0.2,3.3,73.1
1.6,0.0,4.0,8.2,99.2
3.5,0.8,1.6,8.6,92.6
2.9,7.7,0.6,9.9,76.9
3.5,11.5,4.9,9.4,77.0
1.0,9.7,1.0,4.9,74.6
4.2,0.3,5.1,1.9,74.6
1.9,0.7,0.1,4.7,71.2
4.3,6.4,5.3,5.6,80.9
3.6,15.7,0.6,6.6,89.1
2.8,18.8,2.3,6.4,73.9
1.1,6.4,0.5,6.3,83.7
2.9,7.2,0.7,8.8,82.6
4.3,1.0,1.0,8.8,87.1
1.9,7.0,1.3,8.7,84.7
1.3,18.5,0.8,2.4,90.4
2.5,0.1,0.6,5.4,83.8
1.7,15.1,2.0,6.1,67.1
2.5,0.2,0.4,3.4,74.3
4.4,22.1,3.1,1.7,85.9
1.6,14.1,1.8,4.3,66.4
2.9,5.6,5.7,13.1,93.9
1.7,0.1,1.1,2.9,73.1
1.4,20.2,5.7,9.1,88.5
2.8,10.3,5.2,5.5,74.9
4.6,19.0,0.5,5.3,65.9
2.6,18.3,2.7,8.7,76.1
0.9,9.4,1.0,7.1,90.2
1.0,17.5,4.5,7.2,79.3
3.7,19.9,3.5,3.2,71.5
5.4,8.5,3.1,1.8,79.2
0.6,10.6,0.7,2.9,72.9
1.6,19.6,3.1,1.9,72.7
1.1,11.6,4.6,7.9,79.8
1.6,2.7,0.5,3.6,87.3
3.3,0.1,0.9,6.4,71.4
2.0,20.2,0.1,3.2,68.8
1.9,14.7,0.2,7.4,80.3
2.8,0.9,2.1,5.6,81.4
1.9,15.0,3.9,7.6,76.5
1.1,15.7,1.4,3.4,80.5
4.7,1.4,3.8,7.0,87.3
2.7,3.2,5.0,9.6,79.7
2.5,13.6,2.7,5.8,72.3
2.4,21.9,1.1,5.5,83.8
4.2,18.9,4.4,3.7,76.5
2.9,12.0,1.8,6.5,71.1
3.8,20.1,2.7,2.6,88.3
2.6,0.1,5.5,4.2,85.2
1.2,17.6,2.8,3.7,79.2
3.4,7.8,3.9,6.7,81.2
2.4,0.8,1.9,3.6,78.5
2.9,16.4,1.0,3.4,76.2
3.3,9.6,0.6,4.9,83.4
1.8,9.0,0.4,13.5,83.0
2.2,20.6,1.8,5.2,58.7
1.4,4.4,3.1,9.1,89.7
1.6,10.6,1.0,9.2,82.9
2.7,16.0,3.7,5.7,70.6
3.1,7.3,0.1,9.8,76.0
3.2,9.3,2.5,2.1,66.3
1.9,16.0,1.7,4.3,78.9
2.6,5.2,4.4,6.2,73.5
1.0,8.1,1.7,3.5,82.2
1.5,12.2,4.7,6.9,90.1
1.7,10.1,0.5,7.6,75.1
1.5,0.1,4.7,9.1,82.6
1.3,0.9,3.1,7.1,101.2
0.5,8.8,1.7,0.9,66.8
1.8,11.8,5.2,8.0,80.8
1.8,12.5,0.2,9.7,76.2
0.8,15.6,0.7,5.4,77.8
2.3,16.2,0.7,6.1,79.1
3.9,11.9,0.5,7.7,84.4
2.1,2.8,4.2,3.2,68.1
0.4,11.6,2.1,2.8,71.7
0.9,13.4,5.2,11.6,77.3
2.0,20.7,5.1,3.8,67.5
0.5,11.1,0.8,1.8,83.5
1.5,1.1,1.9,4.2,95.2
2.5,13.0,0.4,4.4,88.9
1.3,4.8,1.6,12.4,84.0
2.9,17.2,1.2,4.4,80.5
4.0,19.0,0.1,5.2,72.6
0.5,5.4,4.8,12.1,72.5
3.8,8.3,0.5,8.8,93.5
4.4,12.0,2.2,5.9,83.5
1.9,4.4,1.4,5.2,70.4
1.7,6.1,0.3,4.8,84.7
3.8,15.7,0.7,6.8,76.9
2.4,13.5,4.9,8.3,60.5
3.7,1.9,0.1,5.1,95.2
2.3,20.2,0.5,9.8,60.3
1.8,13.4,0.4,6.7,84.1
2.7,5.3,3.7,7.3,80.6
2.2,0.4,2.6,13.0,69.8
3.4,0.6,0.5,3.9,87.1
4.3,20.1,2.3,2.2,77.4
3.2,1.2,5.6,6.6,92.0
0.4,13.5,0.7,8.8,84.4
2.4,4.1,2.0,4.3,73.4
1.3,9.5,0.5,8.3,89.8
2.4,13.9,0.5,10.0,80.4
1.8,8.0,4.2,7.7,77.8
3.4,19.2,4.5,5.3,80.0
2.0,13.0,5.0,11.4,63.9
3.3,0.1,1.2,6.8,67.9
4.3,7.5,1.2,4.5,79.4
2.4,8.7,1.2,6.1,88.2
3.0,0.5,5.7,2.6,87.3
1.2,10.6,0.3,7.1,77.1
1.2,11.4,3.8,10.9,75.4
1.7,16.1,2.2,6.4,91.8
2.2,15.1,4.5,7.4,70.5
3.7,0.7,2.3,8.0,88.9
2.1,13.7,0.6,2.7,72.6
0.9,18.1,0.3,8.5,75.3
2.6,8.1,2.8,5.7,80.3
3.3,7.2,4.1,4.8,90.6
4.5,11.8,1.2,10.4,67.5
0.8,20.6,0.4,5.1,81.7
5.1,0.3,0.8,5.7,84.5
1.3,10.2,1.0,10.8,90.7
1.6,12.3,2.3,3.4,87.8
2.6,7.9,1.0,13.5,80.8
1.2,0.1,2.5,8.8,93.8
2.6,15.2,0.9,6.3,71.7
3.7,21.8,0.9,9.8,80.5
1.6,7.8,1.2,4.9,88.3
4.1,6.5,1.2,11.5,83.7
2.4,1.4,1.0,9.6,83.4
3.2,8.1,0.6,9.2,71.0
1.5,6.2,0.2,2.5,77.8
2.3,4.4,1.1,6.5,97.6
4.7,0.1,0.9,8.4,77.7
1.5,8.8,1.0,12.2,61.0
3.3,12.6,1.9,5.1,84.2
0.9,13.8,0.7,4.4,73.5
1.7,13.8,0.5,5.3,82.0
1.4,19.4,3.5,5.1,77.2
2.6,2.2,1.7,4.8,82.4
2.5,3.5,2.4,11.6,84.4
1.6,6.5,0.9,10.6,85.2
1.4,2.0,2.8,6.3,75.7
2.7,9.5,3.3,1.7,79.5
2.8,1.2,1.4,9.7,91.3
2.7,14.7,2.8,8.9,72.9
2.1,3.1,1.2,4.9,88.4
2.4,12.6,1.4,7.3,78.5
3.8,7.8,0.1,4.0,83.2
2.2,15.7,3.9,5.9,74.1
2.7,2.3,1.7,12.9,78.9
2.8,8.4,1.2,5.6,76.4
2.4,1.6,4.9,5.2,76.7
1.3,1.0,4.1,3.3,75.3
2.1,18.9,1.2,6.9,79.3
3.6,12.2,3.5,8.4,62.7
4.7,11.9,1.2,3.4,80.9
3.9,12.6,1.3,2.0,83.0
1.9,12.9,4.7,3.1,80.3
2.3,11.2,6.0,9.0,78.8
1.0,0.6,2.3,9.2,83.7
1.5,2.6,0.3,8.6,68.2
1.0,14.5,0.8,2.9,96.9
0.9,16.4,0.4,7.2,71.0
0.3,9.8,3.7,3.5,83.1
0.7,3.3,0.5,2.5,79.8
2.3,7.6,1.3,9.3,88.8
1.5,1.8,1.3,8.8,81.4
1.3,18.9,1.2,3.8,79.1
3.6,17.8,4.2,5.5,92.3
2.3,0.4,1.0,8.3,70.7
1.2,16.4,2.1,5.2,88.2
0.8,2.8,2.5,9.0,74.5
1.7,4.3,5.1,7.2,77.9
4.4,5.8,3.8,5.3,75.4
2.0,5.9,1.7,2.9,78.3
1.0,4.5,2.3,1.7,81.4
2.1,6.0,1.6,6.2,67.7
2.4,4.3,3.3,4.2,77.7
1.3,8.2,3.1,8.0,81.2
1.6,8.5,1.1,5.0,82.3
2.5,2.8,1.8,7.1,81.3
1.2,4.2,5.5,5.0,80.5
4.1,18.3,0.7,6.8,91.8
0.6,19.4,0.5,5.2,75.2
4.4,1.7,4.4,4.7,83.0
3.7,1.6,4.4,11.2,80.2
2.0,0.3,0.8,7.6,92.4
2.9,0.3,5.7,4.3,75.6
2.3,0.3,1.4,2.8,86.1
1.6,20.6,0.6,6.5,82.9
2.5,19.6,4.3,7.0,69.6
1.4,1.9,4.6,7.5,78.7
5.2,14.8,5.1,1.1,78.2
0.8,5.6,0.6,5.0,91.9
2.1,5.8,0.7,5.9,74.6
1.6,0.1,1.1,9.5,84.8
1.8,0.1,4.5,4.4,73.0
1.6,7.2,4.4,4.1,91.6
0.8,0.4,4.1,10.1,72.7
4.1,11.5,0.9,8.8,84.2
1.0,11.8,0.8,7.5,73.4
2.4,20.4,0.7,6.7,75.3
2.8,13.5,0.5,6.5,79.2
2.2,18.8,3.0,4.7,80.6
1.3,0.0,6.0,4.3,93.1
2.2,5.4,5.5,5.0,83.2
4.6,16.5,0.3,5.7,93.6
0.3,15.0,3.2,9.1,87.9
1.6,9.4,4.9,11.9,77.7
1.6,16.0,4.3,5.2,73.4
0.6,8.9,0.5,7.3,67.7
1.2,4.6,1.4,8.6,75.4
4.0,10.2,4.9,10.7,77.4
1.4,11.0,1.1,6.4,94.0
1.0,18.1,3.6,6.1,68.8
1.8,0.0,0.4,1.7,77.3
4.1,14.5,1.6,4.6,86.2
1.7,1.7,0.8,7.5,80.7
2.4,2.1,5.1,10.9,77.4
3.7,19.0,3.9,8.9,80.0
1.8,10.0,0.7,3.3,72.6
2.8,1.6,0.3,6.9,85.2
3.6,6.5,4.7,4.6,86.8
2.3,13.4,1.1,6.7,83.5
3.5,20.2,0.4,6.9,76.0
3.4,16.8,0.5,5.0,89.8
5.4,2.8,0.5,6.8,79.3
1.5,3.3,1.3,7.4,92.0
1.4,8.4,0.3,13.8,76.2
4.0,8.3,5.0,7.6,71.9
2.2,21.5,4.7,5.7,74.9
3.2,6.1,5.4,5.2,78.6
4.0,15.6,0.6,4.2,79.8
1.4,1.7,1.5,9.9,64.1
2.9,18.6,0.5,8.5,91.3
2.2,4.2,0.3,11.6,73.1
1.0,4.4,5.8,6.5,81.9
1.2,18.8,3.2,4.9,75.4
4.4,0.9,0.3,4.1,97.4
2.8,6.6,4.2,8.7,92.2
1.7,2.3,2.9,8.6,94.4
1.6,0.9,1.9,10.8,81.4
1.9,17.0,1.9,4.3,79.5
0.5,7.3,1.1,11.7,69.2
1.5,22.0,0.7,9.0,81.0
2.7,13.1,2.4,8.3,74.7
1.3,4.7,5.0,9.9,79.9
2.8,7.3,2.1,11.0,65.0
2.2,19.4,4.0,2.1,82.0
1.0,1.4,1.7,9.8,90.8
2.3,16.5,1.5,11.0,93.7
0.9,16.3,0.5,6.1,84.1
4.3,2.6,0.9,6.0,91.2
5.3,2.4,2.3,6.8,85.8
2.7,4.3,4.7,11.7,71.2
2.5,7.6,0.5,7.3,99.0
4.4,0.2,5.9,2.5,81.2
2.8,16.6,0.9,4.2,78.9
1.7,12.0,2.9,7.0,93.3
0.8,18.8,5.3,10.0,79.6
0.2,10.0,1.1,4.3,70.7
2.8,11.2,4.2,5.9,76.2
2.5,11.6,1.3,8.8,83.0
1.6,3.6,1.1,5.3,75.5
2.4,7.9,1.4,5.8,81.9
4.2,10.1,4.8,5.2,86.6
2.5,19.4,4.0,6.6,64.7
2.5,3.2,0.5,10.7,77.9
2.3,8.6,1.3,6.8,82.1
1.5,0.2,0.3,9.6,88.7
1.2,6.0,3.7,5.9,72.0
2.0,19.5,3.8,4.1,75.2
2.8,6.8,0.6,2.2,85.5
3.3,6.4,0.2,5.4,79.0
0.7,15.5,2.0,7.2,83.6
2.0,1.6,1.4,6.0,81.6
1.9,7.2,4.4,2.1,90.3
0.7,16.4,2.5,3.7,77.6
2.4,0.7,2.0,4.9,72.5
0.7,17.5,5.2,11.1,92.2
1.7,11.8,1.1,9.0,79.9
2.5,13.7,1.3,5.8,91.9
4.4,15.5,0.4,2.5,72.6
3.5,0.2,0.7,2.9,89.3
2.9,0.0,4.0,8.3,81.6
4.1,19.3,2.3,5.7,69.3
3.0,10.5,1.2,8.3,86.2
0.6,15.5,2.8,1.4,78.0
1.6,7.1,4.0,6.6,78.4
1.6,0.3,0.8,2.8,71.8
4.1,18.9,5.5,6.5,74.2
1.9,8.4,3.7,5.1,76.7
1.8,15.5,0.2,4.3,77.3
1.4,22.0,0.9,4.2,82.6
3.8,0.0,1.6,6.5,81.0
1.7,6.7,0.4,8.1,79.2
3.6,19.1,3.6,3.1,71.1
0.7,4.9,0.6,7.9,76.2
4.5,15.7,0.3,6.6,76.1
0.8,18.4,2.2,3.3,74.6
4.6,0.7,5.4,2.6,72.9
2.6,0.5,2.0,3.7,89.5
0.6,3.4,0.5,10.3,78.4
1.5,1.2,5.8,4.4,72.4
1.1,13.4,1.3,9.7,82.4
1.8,20.0,0.5,11.7,88.4
1.6,0.4,2.8,6.2,97.2
1.8,1.4,0.6,4.9,79.7
2.5,8.6,1.3,5.7,84.9
3.3,10.6,1.5,2.3,80.3
4.4,12.2,4.0,4.4,89.8
1.6,13.2,0.9,5.6,74.7
3.2,19.2,2.7,5.3,75.7
3.9,15.9,4.9,7.9,73.0
1.7,4.5,0.6,7.6,70.6
2.5,18.0,5.0,6.1,78.4
3.9,16.5,0.2,9.0,87.4
1.7,0.6,5.9,6.7,83.6
2.6,1.9,3.3,9.3,76.0
0.7,0.4,0.5,7.4,85.0
1.5,21.1,0.6,3.0,87.0
4.4,19.7,1.9,10.0,62.4
1.7,0.4,2.1,5.8,65.9
1.3,0.1,0.4,6.0,78.5
0.8,1.8,0.6,8.8,77.1
1.6,19.2,4.2,6.0,63.5
2.6,0.4,3.0,7.7,65.3
1.3,12.3,2.9,8.9,94.5
2.7,2.0,5.3,6.6,88.6
1.0,8.9,1.9,7.9,78.6
4.3,0.1,1.9,8.8,77.0
0.2,15.8,5.6,5.5,78.9
3.5,8.1,2.0,4.2,85.7
2.3,6.1,0.3,10.2,88.8
3.6,19.3,2.7,3.5,80.0
1.7,2.5,5.1,8.2,77.2
1.7,1.2,0.5,9.3,82.2
3.4,9.3,2.0,9.2,80.1
5.4,10.6,0.6,4.6,89.3
4.7,0.2,1.0,6.6,105.1
3.8,9.5,1.1,3.5,72.7
1.8,15.3,0.9,2.7,84.5
3.7,1.1,2.0,8.7,81.0
1.9,3.2,0.7,5.4,77.4
2.4,15.0,5.5,1.1,81.4
4.5,10.6,0.6,2.4,78.5
3.5,17.1,0.2,4.2,69.2
3.2,2.3,1.3,3.8,83.0
4.6,0.3,0.7,6.1,104.1
1.6,10.0,4.0,7.5,76.5
1.8,3.1,3.3,4.6,81.0
1.6,1.7,2.3,6.2,81.3
1.4,13.0,4.5,4.6,76.2
1.6,0.7,3.6,8.8,85.7
1.4,14.6,5.3,9.5,71.8
0.4,9.6,2.8,7.1,77.9
2.9,4.8,0.3,3.8,78.3
2.4,21.9,0.8,6.0,80.5
0.5,8.2,0.7,2.7,75.5
1.4,6.7,1.3,9.1,86.2
1.4,10.4,0.4,5.6,76.0
1.6,0.2,2.9,5.4,71.2
2.9,0.1,1.1,5.6,91.6
1.3,18.8,2.4,11.6,66.3
2.4,21.4,1.9,7.0,89.3
1.2,20.2,1.0,8.2,76.1
2.5,4.5,5.8,4.0,80.9
1.4,21.3,4.2,6.5,70.7
5.3,0.2,0.3,9.1,86.8
3.7,3.9,0.3,8.6,74.1
2.2,0.3,2.9,9.9,82.8
0.8,0.1,4.1,7.9,73.1
0.4,14.4,1.4,4.4,76.1
1.3,15.8,5.6,8.5,87.3
1.4,2.0,0.2,3.2,81.3
0.8,17.6,0.6,3.1,83.6
0.7,11.4,1.5,0.7,91.1
1.3,19.9,4.9,10.2,81.4
2.8,0.0,3.9,4.5,81.4
1.8,0.3,2.2,7.6,79.2
1.3,4.4,1.7,9.2,85.4
1.9,0.1,0.5,3.3,85.1
2.7,5.1,1.3,4.1,81.0
2.5,11.5,3.4,10.0,70.6
1.7,11.0,0.6,8.0,88.1
2.6,11.6,1.3,7.4,78.7
1.1,1.9,5.4,9.7,76.3
4.6,6.3,0.3,8.4,78.1
0.1,0.0,4.8,2.6,77.0
2.4,3.6,4.7,2.3,77.3
4.2,3.6,1.1,2.3,82.7
2.1,12.4,3.0,5.2,95.5
0.2,15.4,0.2,7.9,80.2
1.3,19.1,4.8,1.6,73.7
2.4,16.9,5.2,0.7,76.9
2.7,12.2,6.0,4.3,70.6
2.3,11.9,0.0,6.6,83.6
4.9,7.9,0.0,4.1,101.8
2.3,0.1,5.6,5.5,77.0
3.6,7.8,4.0,1.6,75.6
5.3,1.4,5.2,10.8,84.2
2.0,21.4,0.3,1.0,71.0
2.2,14.6,4.8,4.2,88.9
1.9,11.1,4.2,4.2,58.9
3.8,1.9,0.2,7.7,73.9
4.5,3.1,2.8,9.0,87.9
2.4,11.3,1.3,8.8,76.8
2.9,8.9,0.5,7.2,72.7
1.7,0.2,1.2,10.1,93.6
2.2,15.8,0.2,8.0,67.8
5.2,8.1,3.0,5.5,88.5
3.4,14.2,6.0,5.7,89.4
2.6,11.8,0.2,5.5,73.7
3.8,16.1,0.6,7.6,97.6
4.3,9.4,0.7,9.2,92.6
2.0,0.3,0.9,10.9,73.1
3.2,9.8,1.1,3.0,85.9
1.6,6.7,5.3,7.3,63.0
2.8,8.4,0.4,8.6,84.0
2.0,4.3,1.3,4.7,75.8
0.5,2.7,0.4,6.6,83.1
4.2,0.2,0.8,6.6,78.5
1.5,3.1,5.9,6.1,99.4
2.9,1.5,0.6,5.0,79.0
5.3,19.8,3.7,3.9,74.1
1.0,1.0,2.0,9.3,86.8
3.6,0.2,5.9,5.5,94.7
2.8,10.3,4.4,9.5,74.6
2.4,9.7,1.0,6.6,66.7
1.2,0.7,2.4,8.8,99.4
1.8,6.9,0.8,10.3,87.1
3.0,12.1,4.3,6.7,70.4
0.1,0.2,0.4,3.8,86.0
3.3,9.2,0.9,10.4,87.5
2.2,2.4,4.6,7.8,73.0
2.8,17.1,3.5,3.3,81.7
2.5,15.6,0.7,7.0,87.6
3.9,12.3,3.4,5.1,74.0
5.0,15.8,4.9,8.9,88.0
2.0,6.8,2.8,2.7,73.3
2.9,7.7,3.9,9.8,99.3
1.8,10.3,0.6,6.1,87.3
0.8,9.9,1.6,4.1,79.2
3.2,20.2,4.7,4.8,71.4
1.6,14.2,4.5,5.6,74.5
1.9,1.5,0.3,6.8,95.2
1.0,3.8,1.8,6.7,78.8
3.4,6.8,0.6,4.4,80.8
0.6,11.1,4.4,3.8,86.3
3.4,8.3,0.5,0.7,71.3
2.2,20.7,3.9,5.2,73.3
2.0,9.8,4.4,2.5,83.9
2.9,15.3,2.0,10.9,71.1
2.9,7.8,0.6,2.0,82.8
1.6,5.0,0.8,4.0,82.9
1.6,4.2,0.5,4.4,76.0
1.6,11.5,0.7,10.4,84.6
1.6,0.5,0.6,3.8,67.3
3.6,21.4,4.1,6.5,74.4
2.3,17.2,1.0,8.3,70.2
2.3,3.8,0.9,9.1,82.6
2.1,0.4,0.9,8.1,80.0
1.4,7.5,3.1,7.4,73.7
2.5,16.6,4.7,7.5,73.5
1.7,7.7,1.3,8.1,79.4
1.6,11.5,1.0,6.5,75.6
3.1,21.3,3.0,13.2,80.7
4.4,0.1,1.8,12.0,82.9
4.6,0.2,5.1,3.0,84.6
3.3,0.3,2.8,6.2,67.4
1.5,4.9,0.6,5.1,94.6
0.5,14.3,0.4,2.6,84.7
1.8,10.3,1.1,7.0,76.4
1.9,20.5,1.0,8.3,73.8
1.6,1.4,3.8,5.2,85.2
3.9,2.9,0.7,13.8,77.0
3.3,16.5,4.9,5.1,78.8
1.6,1.1,0.6,4.3,75.3
0.7,15.7,0.9,7.0,74.8
1.6,1.1,0.5,5.5,87.8
3.1,12.9,1.6,6.6,78.6
3.2,21.1,1.3,5.4,61.8
2.8,0.2,0.1,7.4,74.6
1.7,6.1,0.5,9.1,91.3
2.7,11.4,3.3,5.3,75.9
3.5,21.2,0.6,7.6,80.7
2.8,16.2,4.0,7.5,81.8
1.8,3.9,0.2,7.0,97.3
4.1,13.8,4.8,9.5,75.4
1.4,20.3,0.5,11.7,77.9
2.3,0.2,4.7,8.4,77.6
3.1,15.4,1.1,2.3,67.9
2.2,7.6,2.2,8.6,79.5
4.0,0.4,2.6,2.9,81.9
2.4,18.3,2.8,4.2,71.9
1.6,0.5,3.7,10.9,76.0
1.8,20.9,0.3,8.5,87.1
1.2,15.8,3.8,8.9,83.0
1.7,13.1,0.1,1.7,75.4
4.3,0.1,0.8,5.3,84.1
3.9,22.0,0.3,7.8,75.0
5.4,8.4,4.0,5.3,84.9
4.1,4.2,0.5,4.2,87.9
4.3,18.9,0.1,6.0,71.6
3.6,9.2,0.3,6.7,76.0
5.2,11.1,1.9,6.7,75.6
1.4,19.7,2.1,7.2,69.2
0.5,7.4,2.6,2.8,82.8
0.7,15.6,2.8,2.0,96.7
1.8,9.8,0.4,7.9,73.5
4.4,8.9,1.9,6.6,79.3
4.9,12.7,2.7,8.4,81.4
3.8,11.6,5.4,11.8,77.7
2.8,15.1,5.9,7.9,76.1
1.3,0.6,0.6,5.0,78.5
1.5,15.9,4.3,9.1,67.4
3.4,13.9,3.8,4.4,77.9
4.1,8.2,4.2,8.0,96.3
2.9,13.5,4.0,4.7,82.0
4.0,7.2,0.5,7.2,83.0
4.0,19.8,0.4,12.7,84.4
1.4,3.8,0.6,7.3,75.8
4.0,2.4,3.5,7.5,88.1
1.0,0.4,0.3,5.1,79.3
2.3,0.0,3.9,5.6,86.8
3.2,4.1,0.4,7.0,83.9
1.4,0.3,0.3,3.9,99.1
1.4,6.5,0.4,12.1,89.2
4.1,17.1,1.0,10.8,84.3
1.1,15.9,0.7,2.4,74.3
3.4,1.2,2.6,4.9,94.3
2.8,8.3,0.5,2.8,85.0
1.9,4.8,4.1,6.7,88.3
2.6,2.4,1.9,4.8,78.0
2.5,7.5,5.2,4.8,91.6
1.4,20.0,4.8,4.9,78.4
5.4,15.0,0.7,5.8,77.9
1.4,16.8,4.0,11.3,86.1
5.4,10.9,0.3,4.8,85.6
1.9,6.8,2.1,7.5,96.3
2.6,10.9,0.4,13.3,82.3
3.7,7.6,2.2,6.0,90.6
0.6,3.1,0.7,4.9,81.1
3.0,0.2,4.5,3.9,86.5
2.0,8.1,0.1,3.9,69.0
2.6,3.7,0.7,6.9,80.0
1.9,15.9,2.4,8.7,89.5
1.4,3.5,1.2,5.4,76.2
4.9,10.3,2.7,7.1,76.9
1.2,2.9,0.7,3.0,86.6
3.4,3.8,0.7,10.9,79.8
1.8,10.0,0.4,6.4,88.4
0.1,19.1,1.9,7.9,75.3
2.1,0.0,5.1,10.1,89.4
2.3,3.0,0.8,1.5,92.0
1.1,7.7,1.2,8.3,75.2
3.1,15.9,5.1,7.8,73.6
3.7,2.8,5.0,7.7,86.6
2.6,16.5,4.1,11.9,76.6
2.6,21.8,4.1,7.2,73.1
2.6,0.5,4.1,8.4,87.7
3.0,10.4,4.3,5.8,69.2
1.8,3.1,0.6,3.6,90.5
4.0,9.4,5.7,3.8,79.2
4.4,19.7,0.3,4.1,87.9
2.3,15.3,0.6,5.6,88.5
3.0,17.7,3.8,4.0,86.2
3.0,3.0,2.2,5.8,78.7
1.2,20.8,0.4,8.4,71.0
3.5,21.0,5.2,2.3,76.5
0.5,6.5,4.3,2.2,79.4
1.8,0.4,0.8,5.4,75.9
3.2,4.9,0.7,8.4,82.6
1.5,2.7,0.6,5.7,86.8
2.8,20.6,4.5,5.3,61.4
1.7,6.3,0.4,3.3,88.2
0.5,3.7,3.4,6.3,63.5
0.7,17.6,2.0,6.6,76.5
1.8,10.0,1.1,10.1,78.1
4.6,21.8,5.0,4.5,77.8
3.1,0.2,3.1,9.0,83.6
2.6,14.7,4.8,7.2,82.8
2.2,1.1,1.4,10.5,92.3
5.4,4.2,3.0,5.3,78.4
1.8,14.3,1.9,13.5,83.5
4.2,9.6,1.4,4.4,81.3
3.3,13.9,2.2,5.5,81.1
2.6,13.3,0.2,10.0,89.1
1.8,4.4,0.9,10.7,72.5
5.3,21.1,0.8,6.5,72.3
3.3,12.6,2.6,7.3,72.5
2.3,19.7,1.1,7.2,71.6
0.8,13.2,1.8,5.8,95.3
3.6,5.8,1.8,6.7,70.1
3.0,8.7,3.9,4.5,85.0
1.8,0.1,0.8,3.7,82.5
1.6,20.9,1.1,1.9,60.0
1.3,9.4,0.4,11.6,83.7
3.5,5.2,1.8,7.7,86.9
0.7,19.5,3.6,12.2,93.5
1.1,0.2,0.2,5.9,79.6
2.1,1.1,0.9,3.6,77.9
2.5,21.2,0.3,7.2,85.0
1.3,1.6,0.2,6.5,73.5
2.0,8.1,0.9,7.0,79.7
1.9,22.1,0.6,7.5,76.0
3.3,0.5,2.5,6.4,83.1
2.8,0.5,0.4,5.8,78.5
0.4,19.3,2.1,10.5,72.6
1.6,13.8,4.7,6.1,86.8
1.0,1.1,0.1,5.6,80.2
1.3,9.5,3.6,11.1,62.5
2.9,14.6,4.8,8.2,72.6
2.5,2.4,0.7,9.0,90.2
4.6,21.5,6.0,6.5,83.6
3.4,0.6,4.0,5.0,92.2
3.2,21.7,3.8,10.1,82.5
3.5,18.6,5.2,3.2,80.4
1.7,3.5,0.4,5.8,95.8
3.1,8.3,1.7,5.1,64.1
0.7,3.8,3.0,8.1,80.3
1.2,20.5,5.4,6.6,68.2
3.1,12.0,0.6,1.5,83.1
2.7,0.8,0.2,4.6,81.8
2.8,4.7,0.9,7.7,81.4
4.6,20.7,0.5,9.8,83.0
3.1,20.2,0.8,7.5,80.0
1.4,3.8,3.4,6.4,87.3
1.6,12.1,1.2,8.1,73.4
3.8,10.9,0.8,7.6,79.7
3.8,12.9,2.8,9.1,76.4
2.6,0.3,0.7,7.3,81.9
3.5,0.1,2.7,4.7,76.3
1.8,18.9,3.0,8.0,77.8
1.4,4.7,0.4,2.7,76.9
4.5,12.0,0.5,3.4,80.0
1.5,18.2,0.5,6.2,68.5
1.4,6.5,0.6,7.6,77.8
2.1,22.1,4.6,11.9,77.6
4.1,10.7,0.7,6.0,87.8
1.7,0.2,5.2,7.4,100.4
2.5,1.3,1.7,8.4,79.5
2.0,0.1,3.9,8.9,88.6
3.5,18.9,5.8,10.2,79.0
1.5,8.2,0.6,6.0,87.7
2.4,21.0,0.6,6.4,69.2
1.5,3.9,2.6,1.0,83.3
1.7,9.8,5.8,6.0,72.2
1.3,0.3,2.7,7.3,84.8
1.9,20.2,5.8,9.5,73.1
1.2,7.4,4.0,3.8,80.2
3.9,0.2,0.5,8.4,86.8
4.2,15.4,4.9,7.3,84.9
1.9,12.3,2.0,6.8,85.0
2.2,0.7,4.9,9.3,75.2
2.3,2.0,2.4,5.8,79.3
2.7,5.5,5.4,7.5,79.9
2.9,15.7,1.3,5.1,72.3
3.5,12.7,0.4,6.3,96.9
2.1,0.2,5.3,3.1,80.1
3.6,0.0,4.2,6.7,84.2
2.5,11.7,3.3,4.9,86.9
1.6,0.3,5.8,9.2,87.6
3.1,14.1,4.5,6.0,68.7
2.0,21.4,5.9,5.3,78.4
0.8,11.6,5.9,11.7,71.9
1.7,12.9,4.6,2.9,77.8
3.2,15.5,0.5,3.6,87.5
3.4,3.1,0.2,5.9,66.1
1.9,8.6,3.9,5.8,75.3
4.3,6.2,4.2,4.1,77.4
1.7,0.7,2.1,13.2,95.1
2.0,7.4,3.9,11.0,78.3
2.0,8.0,2.1,8.3,90.8
2.6,6.2,2.6,8.4,83.6
3.0,12.3,0.8,8.3,88.0
3.8,1.7,2.3,2.4,92.5
0.8,0.4,0.2,3.7,82.6
5.1,16.7,0.7,4.9,78.8
1.2,18.7,0.3,8.3,77.6
3.9,9.7,0.5,8.2,76.8
3.5,3.6,0.3,7.8,78.9
3.1,18.4,5.4,8.4,84.4
0.6,14.2,0.3,4.5,86.3
1.6,0.1,0.5,9.0,86.2
1.7,20.8,1.4,5.5,59.5
1.4,11.7,0.8,3.0,75.4
3.1,7.5,3.3,7.3,65.6
0.8,2.0,4.3,7.0,94.9
2.9,11.4,4.9,3.1,77.8
2.5,18.3,3.0,7.3,98.0
5.0,0.2,0.6,3.0,82.3
1.5,20.0,0.8,9.2,74.6
3.8,7.7,0.5,4.3,80.9
1.5,0.8,0.5,4.2,79.7
3.9,1.5,2.5,12.9,86.7
3.0,2.7,0.9,5.1,78.0
2.6,11.4,2.1,8.4,78.6
2.0,14.7,0.7,9.6,75.1
1.1,21.6,1.9,5.9,73.2
0.9,18.7,3.5,6.7,62.9
1.8,3.8,0.5,3.0,70.7
0.3,5.5,4.5,8.7,87.4
2.2,2.9,4.2,5.2,83.9
4.5,10.3,4.7,2.3,89.1
1.8,18.3,0.2,7.9,72.6
0.6,7.2,2.6,6.8,71.1
3.6,12.4,5.3,9.2,80.7
1.8,19.1,2.3,7.8,77.8
1.6,1.3,4.7,5.7,90.7
4.0,0.1,0.4,9.7,82.1
1.7,10.8,5.3,5.1,65.8
3.4,10.7,5.5,5.2,70.0
2.3,2.6,0.3,11.1,85.0
5.0,19.2,0.4,9.7,99.3
4.3,0.4,1.2,1.1,87.2
3.3,9.3,3.9,7.9,89.3
1.9,14.9,4.9,11.1,79.9
2.7,16.1,0.5,7.6,75.3
3.2,13.7,4.7,6.3,75.8
1.8,6.2,2.4,7.7,99.5
0.9,9.3,0.3,8.5,76.4
0.6,0.4,4.9,2.3,85.4
2.3,11.6,4.6,5.9,73.8
1.5,0.4,5.2,8.7,77.7
1.9,4.3,0.3,4.7,71.7
1.9,17.5,3.2,3.1,78.8
3.9,14.8,1.3,3.4,85.1
0.6,0.2,5.3,5.3,78.9
2.4,0.3,2.1,5.2,77.7
0.9,14.2,0.7,6.5,77.8
0.6,0.6,3.9,11.1,98.7
0.5,17.4,4.6,7.8,75.0
1.7,2.5,0.4,8.3,68.9
2.5,1.1,0.6,2.5,83.2
1.5,11.1,0.3,6.3,96.9
1.4,12.4,0.4,8.5,82.1
1.9,13.6,4.7,11.0,87.1
2.2,21.4,0.4,7.8,87.3
4.4,0.2,0.7,3.8,103.9
2.3,15.1,1.4,9.5,78.6
0.6,11.3,1.8,6.7,77.0
2.1,9.8,1.4,8.2,78.8
0.5,17.8,0.6,4.4,78.7
2.0,5.0,0.6,1.7,99.1
1.9,0.9,1.5,6.6,69.4
1.5,5.3,3.6,2.2,86.9
1.1,11.3,0.6,5.3,87.3
1.0,0.9,0.7,2.1,90.7
2.5,21.0,2.4,7.9,75.1
0.9,8.1,0.4,6.2,79.0
1.8,0.4,0.1,7.2,81.1
3.7,8.0,1.8,6.8,80.4
1.0,8.4,2.2,4.8,83.2
1.6,2.1,0.8,4.6,81.2
3.1,12.0,0.8,7.9,78.1
3.2,0.4,1.4,4.4,77.7
2.6,2.0,0.4,5.7,83.5
4.7,15.5,0.2,7.6,79.9
3.8,4.2,2.1,10.4,74.3
2.4,12.2,3.4,9.2,85.4
1.4,0.3,0.9,8.0,95.6
1.5,16.6,2.2,5.7,76.9
3.5,11.2,4.5,13.2,77.7
2.9,18.6,5.4,6.4,77.8
2.8,0.0,0.5,10.1,87.4
2.6,20.3,1.5,9.2,65.5
1.6,1.3,4.6,8.6,71.4
2.8,0.0,2.6,1.6,90.6
2.8,5.9,0.5,6.2,94.9
0.8,2.9,0.5,2.1,83.7
2.4,20.8,4.4,4.7,70.0
1.3,7.4,0.6,7.6,71.4
2.0,7.3,5.9,9.4,75.7
3.1,19.5,1.5,7.6,77.1
2.6,0.1,0.7,1.2,81.9
4.5,15.8,1.6,3.9,96.1
1.4,9.2,1.0,10.5,87.7
4.3,19.1,1.1,7.5,82.2
1.5,17.2,0.2,2.9,68.4
2.0,2.8,0.7,7.6,84.6
1.8,2.1,0.6,6.7,101.3
1.4,6.6,5.3,6.8,78.5
0.6,4.8,0.9,11.8,84.2
2.0,13.5,1.0,4.8,77.0
1.9,6.9,0.4,1.6,87.5
3.7,16.8,2.4,5.0,64.2
2.8,7.0,0.2,10.3,79.5
2.8,19.7,5.3,6.1,72.4
4.0,15.6,2.1,5.3,97.2
4.7,4.5,4.0,4.6,84.4
1.8,0.4,1.0,4.5,93.1
2.4,16.1,1.7,11.2,78.5
1.3,4.5,0.8,3.5,79.7
2.3,20.4,4.0,2.3,71.0
0.9,3.6,0.6,7.2,78.3
1.7,17.0,0.5,9.6,76.6
1.5,7.7,0.6,5.5,75.3
1.4,15.7,2.3,9.2,79.4
1.1,8.8,0.6,2.2,73.6
3.1,0.6,0.6,7.3,81.9
1.5,11.8,0.3,5.3,67.1
1.7,2.8,0.8,2.9,87.5
3.0,20.1,4.6,7.0,68.3
2.4,8.1,0.8,9.9,78.0
2.4,19.5,0.5,6.8,81.1
1.3,11.7,4.1,6.9,80.8
1.1,4.4,0.5,8.7,76.3
5.3,2.6,0.5,5.9,93.6
1.0,9.6,0.6,4.9,79.2
1.7,15.7,1.4,7.1,80.3
2.1,13.9,1.7,11.2,86.5
3.1,12.6,2.2,3.9,66.0
3.1,7.7,0.5,11.0,98.9
3.5,0.3,4.9,5.7,88.6
5.2,3.1,1.7,9.7,90.9
1.5,3.8,3.2,5.9,71.7
4.2,8.2,2.7,8.3,91.1
2.8,0.9,3.6,7.3,77.2
0.1,6.2,0.1,4.3,78.6
4.0,8.1,3.1,1.3,81.0
1.4,17.9,0.8,6.2,78.5
3.0,16.7,1.7,12.8,88.0
1.9,0.4,0.4,6.7,83.0
2.1,21.7,3.9,8.7,67.0
5.0,21.4,0.1,1.8,79.7
2.4,8.7,1.8,7.2,77.7
0.8,0.0,4.6,6.6,83.1
2.4,17.1,0.4,4.0,78.2
1.5,3.0,4.8,5.5,75.3
0.4,12.7,0.4,4.4,83.7
0.4,21.8,4.8,9.9,79.7
4.5,1.0,1.1,3.3,86.4
2.5,18.0,4.2,5.6,72.4
4.4,9.0,0.0,6.6,97.5
2.5,19.3,0.4,3.7,82.9
2.5,13.5,0.2,6.6,76.1
3.4,13.8,0.6,3.1,85.5
3.9,4.3,4.2,6.2,75.5
1.9,5.1,3.2,1.6,82.5
1.8,20.3,0.8,6.9,74.8
1.3,2.1,0.3,6.4,88.4
4.7,1.2,1.3,10.6,92.0
1.6,6.7,5.7,10.8,76.1
4.6,21.7,0.9,5.7,78.4
2.1,19.4,3.9,9.9,65.5
2.1,17.2,0.3,2.8,73.4
3.2,18.1,1.9,5.2,76.9
4.6,3.0,2.2,3.4,78.5
2.5,9.7,0.4,11.2,86.4
1.8,21.6,1.5,3.9,67.7
1.1,6.1,0.4,7.2,80.8
1.6,3.0,0.8,4.1,77.0
1.6,0.8,0.9,5.7,81.2
2.4,18.0,1.7,9.8,69.5
3.1,19.2,3.1,5.9,78.7
1.1,8.2,4.6,3.7,84.2
1.2,0.2,0.4,13.2,80.3
2.6,16.5,1.4,8.7,71.3
0.4,21.6,0.5,9.9,78.3
4.4,4.7,1.6,11.0,87.3
3.7,16.5,1.7,6.6,73.6
0.5,11.3,0.2,4.2,75.4
2.1,2.1,0.9,6.0,84.7
2.5,16.8,5.0,3.9,87.3
1.7,0.3,0.9,9.3,84.1
2.3,4.2,0.7,7.0,77.6
2.6,17.9,2.1,3.1,69.5
0.6,8.4,5.2,11.0,74.3
4.4,15.8,2.6,6.0,61.7
1.0,3.2,3.4,6.8,80.1
2.0,0.0,3.5,1.1,78.1
2.6,15.9,4.4,6.0,78.3
1.2,21.9,0.7,5.8,80.3
4.3,20.8,0.7,7.0,67.3
3.6,13.5,4.0,7.0,72.5
1.3,19.5,2.6,2.6,77.7
2.8,10.6,0.5,8.7,85.4
2.1,19.3,0.4,3.8,72.8
2.4,13.4,2.5,5.8,66.2
2.4,20.7,0.5,5.2,75.5
2.0,9.7,0.8,5.4,75.3
3.9,11.8,4.3,12.9,81.5
4.5,18.4,4.4,5.9,73.0
5.3,20.4,1.1,5.8,77.7
3.4,3.5,2.5,3.8,79.6
1.9,22.1,2.4,5.0,73.1
2.4,9.3,0.4,11.0,78.8
3.3,7.4,0.2,7.8,99.6
2.0,20.8,1.1,5.2,85.5
3.0,5.1,0.3,11.1,82.7
2.3,11.4,2.6,9.7,75.8
4.6,11.3,0.7,3.4,86.1
3.9,16.2,0.2,4.4,77.0
4.0,8.3,5.8,4.3,79.7
1.8,7.4,0.5,9.4,81.6
4.1,2.6,1.2,13.8,86.1
2.5,13.3,1.2,3.2,65.1
3.2,5.7,3.2,7.4,87.1
1.4,14.9,4.6,7.7,67.2
4.0,6.0,4.1,10.5,76.0
0.3,0.2,0.1,4.8,89.6
1.5,18.3,0.6,4.1,77.5
1.2,20.5,3.8,8.5,60.1
1.8,2.2,3.8,10.1,88.2
1.8,18.5,3.4,6.4,87.3
0.8,7.3,3.1,5.6,88.3
2.3,3.4,4.7,3.8,76.3
3.1,13.2,4.4,8.2,70.7
2.6,0.0,2.5,3.2,85.3
1.2,20.0,0.1,5.3,76.2
2.3,20.2,5.2,6.4,70.1
1.9,0.2,2.4,7.8,73.1
1.5,10.6,3.6,12.5,77.7
3.1,22.0,4.1,8.9,76.4
4.1,0.3,5.3,3.0,81.4
3.6,10.2,0.3,5.9,99.3
3.8,14.5,4.6,3.8,75.4
1.6,2.4,5.3,7.5,87.1
1.4,5.2,3.5,5.0,74.3
1.3,6.7,0.2,4.0,81.6
3.0,13.3,0.2,9.9,82.1
4.3,11.0,2.2,0.8,79.8
1.6,0.2,0.8,7.0,89.4
3.4,6.7,5.2,7.4,65.4
3.0,11.6,1.1,8.5,71.5
3.5,19.3,0.4,7.4,69.2
4.7,13.0,5.0,6.9,81.5
4.4,9.1,1.2,7.7,79.4
4.4,4.9,0.8,8.0,94.3
2.6,9.1,0.2,7.9,79.4
4.3,12.4,0.4,9.4,71.9
2.0,0.0,4.9,5.0,83.1
1.6,10.1,1.2,3.2,74.9
2.1,18.3,4.9,5.8,73.0
2.0,0.4,0.4,6.0,89.8
2.9,6.7,4.3,10.2,79.4
3.0,12.8,5.0,7.5,93.4
3.0,9.0,2.9,4.3,78.0
5.2,19.5,0.9,6.3,84.0
0.5,2.7,0.8,4.3,79.9
1.1,4.5,0.5,4.9,71.7
3.9,0.1,0.7,5.7,78.8
1.4,10.2,5.9,6.2,76.4
3.8,1.8,2.4,8.4,80.0
3.0,18.4,0.5,7.3,71.9
1.4,0.2,5.4,6.2,82.9
1.3,0.4,0.2,5.0,87.8
2.0,1.6,0.8,7.6,77.6
1.0,15.1,5.4,4.0,79.5
2.3,18.0,2.0,6.7,76.3
0.6,0.1,1.3,5.2,93.8
3.9,6.9,5.2,3.3,90.6
3.9,15.9,0.1,9.8,73.0
3.4,22.1,0.3,2.9,80.5
2.6,18.2,0.5,6.4,90.3
3.2,4.7,2.4,9.6,70.0
2.1,18.7,4.7,5.3,71.0
1.9,11.8,3.8,12.7,71.3
1.3,21.5,0.6,8.4,73.4
1.0,3.5,5.9,9.3,92.7
2.1,0.1,1.8,6.5,92.3
2.8,6.1,4.7,6.8,78.8
2.4,9.4,1.0,9.6,77.7
2.8,4.7,5.0,5.2,80.4
1.0,5.8,0.4,6.3,81.1
2.2,8.5,5.9,5.2,73.8
1.7,7.9,0.2,9.6,70.7
2.0,6.5,4.8,3.2,81.7
4.5,18.8,1.7,4.3,82.7
1.6,4.7,2.3,9.0,83.3
3.8,0.8,4.0,3.8,83.5
2.4,14.2,1.3,8.9,83.0
3.2,18.4,1.3,8.7,63.6
0.6,3.1,4.1,4.8,90.3
1.5,1.9,0.9,4.4,94.3
3.6,16.0,1.8,9.3,81.0
2.6,6.7,5.5,11.0,86.7
1.5,0.9,0.2,8.3,79.1
2.2,2.3,0.5,6.8,81.7
2.2,20.5,0.3,10.3,80.9
0.3,8.3,4.0,2.7,84.6
4.4,2.3,1.3,9.3,79.3
3.3,10.7,0.4,5.3,82.0
2.9,4.5,0.6,2.4,81.3
5.3,5.7,0.9,9.0,86.2
4.6,22.0,1.8,5.4,86.4
4.0,2.4,0.7,10.5,70.2
1.1,16.6,5.7,5.2,76.7
2.2,4.1,4.4,6.4,79.6
1.5,12.8,2.3,3.8,81.4
4.1,16.2,0.5,2.4,74.9
0.5,10.2,2.7,2.0,71.6
1.4,15.4,2.7,6.2,82.3
2.5,0.7,1.2,10.5,87.1
2.0,13.1,5.3,7.2,75.8
4.5,7.7,1.2,10.2,97.2
1.2,0.5,4.4,9.1,72.2
1.6,11.4,4.2,4.0,81.7
0.3,8.7,2.1,2.0,76.8
2.6,13.4,0.5,7.7,79.3
1.3,18.8,3.8,5.9,79.5
3.5,9.7,1.5,1.7,75.5
4.5,21.2,0.8,9.8,77.9
1.8,13.0,0.5,7.6,78.2
4.6,5.4,4.1,4.1,72.3
2.9,2.1,0.3,8.3,74.5
1.3,1.0,0.6,4.0,80.0
2.7,17.2,1.2,9.2,74.4
2.0,9.8,2.2,6.6,74.6
1.6,13.1,2.2,6.4,79.1
3.1,1.0,4.1,3.7,87.4
4.2,13.0,3.2,5.6,84.5
3.6,19.1,1.4,8.4,68.9
0.2,0.5,5.5,4.8,76.1
5.0,4.0,1.2,8.7,74.5
1.3,8.3,3.9,4.1,76.2
4.0,22.0,0.8,3.2,89.0
1.4,19.3,0.6,7.2,75.6
2.3,15.0,6.0,5.2,74.6
3.6,19.7,5.8,9.9,77.1
1.8,5.9,3.6,12.8,87.1
2.0,16.8,3.5,2.4,71.8
3.6,9.8,1.8,6.5,76.6
4.7,14.1,0.4,1.9,76.6
3.7,21.4,2.0,9.5,79.4
2.5,1.0,2.0,2.2,90.6
1.5,3.4,0.4,9.1,86.6
5.1,11.2,3.9,8.6,91.6
3.1,13.6,0.9,8.7,75.0
2.5,4.3,0.3,10.5,81.4
1.3,5.3,0.2,8.0,80.5
0.7,11.3,0.3,9.7,87.3
2.5,9.4,4.0,2.4,79.1
2.2,4.2,1.3,3.2,78.3
2.9,12.0,5.6,7.1,89.6
0.4,6.7,5.3,12.3,90.7
2.8,8.3,3.1,4.7,78.4
1.8,15.3,0.6,5.2,69.8
2.0,21.8,2.2,5.2,76.8
1.1,7.0,6.0,4.7,77.7
4.5,12.5,4.0,5.0,93.4
0.5,16.3,0.7,3.9,74.6
3.0,0.4,0.6,4.6,81.5
3.3,12.6,5.9,5.4,82.6
2.3,15.1,0.8,9.0,68.9
1.3,15.7,4.3,4.5,79.3
0.5,12.1,3.4,0.9,96.7
1.6,7.9,1.0,3.6,89.0
2.2,6.4,1.4,9.4,69.4
1.7,5.0,4.8,8.9,86.2
2.9,10.2,2.3,5.8,83.6
1.6,16.4,4.8,5.5,68.0
2.1,10.4,0.6,2.8,73.0
1.5,8.8,4.1,4.4,80.7
3.0,13.0,1.9,6.8,68.9
2.5,12.1,0.5,11.6,81.5
1.1,13.6,3.9,5.8,71.7
4.6,13.9,0.6,9.3,76.2
1.2,0.6,0.9,1.7,79.9
3.0,4.8,1.0,7.6,79.1
5.3,0.6,1.0,5.4,80.0
1.9,18.1,2.7,7.1,86.0
0.6,0.6,1.1,10.2,79.7
2.9,14.3,0.3,5.1,83.3
1.9,0.3,3.1,9.6,83.1
1.4,1.6,3.5,2.6,74.0
2.3,7.8,0.4,8.6,79.1
4.3,3.4,2.1,3.2,90.4
2.6,8.1,0.3,3.2,74.8
2.6,3.8,0.6,7.0,79.1
3.7,1.1,5.2,9.1,79.0
2.9,0.4,0.4,6.4,84.2
2.0,10.9,1.2,4.5,71.3
3.5,19.6,0.3,9.7,74.3
5.0,9.6,3.4,8.2,77.8
1.3,11.9,0.4,7.6,79.0
1.5,4.0,2.3,8.0,78.7
1.8,7.9,0.7,5.5,74.8
4.5,10.8,1.8,9.5,81.0
1.3,20.1,3.7,7.2,70.2
1.4,21.9,1.2,4.5,70.5
2.7,5.9,1.9,9.6,80.5
1.8,2.8,0.7,6.5,81.4
3.0,8.1,4.2,9.8,74.4
5.1,14.0,0.7,6.3,80.9
3.3,13.3,0.3,5.9,79.6
1.5,13.8,0.6,8.7,79.7
1.3,16.9,0.4,6.4,81.1
3.6,12.5,4.1,9.9,80.9
3.6,8.7,0.3,5.6,86.8
1.2,0.5,4.8,4.5,85.9
3.3,10.9,4.3,6.9,67.7
1.2,8.0,0.7,5.9,84.5
4.0,14.1,3.7,2.5,77.8
2.0,0.0,5.6,4.2,79.2
2.4,0.0,2.1,7.3,80.7
1.9,11.7,1.3,7.2,75.6
2.8,22.0,1.7,7.3,80.0
2.7,6.9,0.9,8.8,86.4
0.4,2.3,5.3,10.7,79.4
1.4,6.0,5.2,10.6,74.3
4.4,1.1,0.4,7.6,87.3
2.4,6.4,4.9,8.4,76.5
1.4,0.5,1.1,5.6,83.3
1.7,6.9,1.5,6.0,89.3
4.4,1.6,2.6,8.0,97.6
3.9,1.5,4.4,13.1,85.1
4.0,11.7,4.9,6.3,81.5
1.6,16.4,1.7,4.4,81.8
2.4,14.3,0.3,7.1,77.0
3.0,11.9,4.2,8.8,81.3
5.4,12.8,0.6,11.0,84.1
2.2,0.7,4.9,5.8,81.7
2.2,21.7,4.6,8.1,74.8
2.4,5.2,4.0,12.8,98.9
0.5,8.1,4.9,7.0,97.4
3.5,3.8,5.0,6.5,77.1
3.4,16.0,0.6,5.5,80.0
2.3,2.7,0.4,8.2,80.8
1.4,21.5,1.9,8.1,81.3
1.6,0.3,0.4,7.4,86.3
2.2,0.0,0.4,11.7,83.4
1.8,5.0,0.2,4.0,89.1
0.2,1.4,0.8,5.2,80.4
5.3,5.2,3.7,3.3,76.3
3.1,21.9,2.1,6.6,79.0
2.8,12.7,1.2,1.2,97.2
3.0,3.1,1.5,10.0,79.4
0.7,7.2,0.5,8.6,75.2
2.5,6.1,4.2,6.6,83.8
1.9,0.8,0.4,7.5,83.6
0.9,13.9,5.1,3.8,65.6
0.9,10.5,5.0,4.4,73.0
2.9,13.8,4.3,3.7,97.4
0.6,13.1,0.7,5.8,80.8
3.7,19.1,1.1,11.4,80.1
1.2,15.7,0.4,3.2,73.1
4.5,6.3,0.8,0.7,85.4
4.4,17.7,1.1,8.5,80.5
2.9,11.6,4.5,3.8,78.7
2.4,21.7,1.7,1.7,76.8
4.0,4.7,4.1,5.5,89.4
1.0,13.1,0.6,11.0,79.3
2.9,5.2,1.9,5.3,79.4
3.0,19.0,0.5,6.4,80.5
3.1,16.1,2.7,3.8,76.4
1.5,5.8,3.0,3.5,79.9
3.4,5.7,5.3,6.8,77.0
3.8,8.0,0.3,7.9,79.0
1.1,0.6,0.3,5.2,85.8
1.6,0.8,1.1,13.1,87.8
3.7,21.0,4.0,6.8,72.2
3.4,0.0,0.4,5.0,81.2
1.2,6.1,4.0,7.8,87.1
3.0,7.8,0.1,9.3,81.0
2.0,1.8,0.9,2.8,77.0
3.6,22.0,4.8,8.9,82.4
3.7,0.1,5.6,5.8,80.7
3.6,6.2,5.6,7.6,71.1
2.7,9.4,4.9,6.6,90.0
2.3,13.2,0.8,6.2,75.9
1.2,8.2,6.0,6.2,96.9
